60

   81    71    97   143    94    88   135    78   148    88   138    71    92    65   120   137    61   150    92    77   135   143    95    89    73    89    68    87   118   103    79    75    92    69    61    82    62    83    79    57   148   109   127   105   111   117    63    54    97   116   112    88   100    56    57    78    56   126    51    87 
 4925  4570  4518  4802  4150  4742  4645  4573  3447  3440  4715  4069  4517  4960  4833  4842  4844  3680  3748  4761  4681  4646  4639  4940  4385  4725  3439  4824  4599  4952  4579  4590  4383  4017  4956  4666  4019  4557  4640  4598  4716  4966  4681  4826  4503  4833  4918  3750  4898  4653  4630  4662  4769  4254  4970  4943  3505  4778  4581  4933 
    4     8     9     5     2     9     4     7     1     1    10     7    10     6     4     0     0     3     1     0     3     1     8     5     5     8     4     1     2     7     9     6     8     0    10     3     3    10     4     8     0     2     4     7     5     8     2     8     4     7     8     1     9     7     0     8     7     5     5     2 

   43     7    50    17    18    10    12     3    49    30     6    44    34     3    39    35    37    49    18    41    35     7     0     9    34     6    15    13    19    39    42    47     2     3    43    39    38    24    31    40    16    44    24    30    32     4    11    18    32    31    11    46    43    50     9    34     3     7    47    43 
    0    41    16    40    15    41    16    47    23    50    45    12    15    50    29    18     6    12     2     5    18    22    25    43     9    46    46    41    32    42     0    36    28    47     2    15     3    47     6    27    48    15    26    17    18    26     8    49    21    38    50    25    41     0     6    50    26     3    50    41 
   34     0    11    11     5     3    26    38     5    13     1    26     1     0    21     2    27    11    15    44    48    40    23     8    16     6    46    29     9    40    40    33    42     7    39    45    39    11     9    19    12    38    40    38    30    29    41    17    32     9    49    24     3    10     3    24     8    31    24    31 
    1    43     0     1    33    47     2    46    37    44    26    49    21    28     4    33     6     1    24     6    48     4     6    42    13    44    36     7     4    27     3    45    21    29    33     7     5    17    30     5    25    24    45    42     3    25    27    26    47     1    18     8     6    24    28    27    35    38    44     6 
   32    26     1     0     4    34    46     7    42    31     6    41    43     8     4    48    18     1    39     3     4    28    11    18     1    34    50    43    47    34    40     2    15    25    33    22    29     4    30    42    19    43     0    14     4    46    33     0    19    46    40    35    10    44    12    16    44    11    22     9 
   26    43    24    49     0     5    33    26     9    12    37    19    38    35    11    45    42    16    12    23    44    19     1    49    13    46     7     5    36     9    15    42    21    46    16    48    50     5     0    32    45    26    38    22    36    16    21    13     1     3    12    48    42    42    17    16    29    50    33    21 
   43    31     9    47    23     0    46    35    32    42    21    50    30    48    13    43    44    17    20    44    37    38    24     2    50    31    40    48    40    33    37    16     6    16    49    27    34     3    39     0    19    20    26     4    50    15    10     1    47    12    18    13     6    25    31    45    46    29    20    37 
   39    49    17     8     1    22     0     4    35    33    20    31    47    49    27    35    20    46    25    12     6    11    39    43    48    45    28     9    35    50    11    29    49    43     9    35    17    50    25    28    19     9    37    15    13    12    33    19     4     4    15    34    37     1    16    23    19    10    14    23 
   21    27     8    14    20     1    31     0    47    16    18    22     6    41    25    14    37    37    45    16    10     1    37     6    31    29    42     2    23    19     3     6    49    11    42    38    20     9     6     6    49    21    49    26    43    21    42    18    22     3    30    18    26    25    43    11    37    43    24    37 
   29    27    43     6    44    23    13    12     0    18     9    19    31    33    22    10    17    36     8     4    45    31    40     0    43    43    45    32     4    13    13    16     5     5    13    29     5    12    46    19    47    11    26    31    50    24    26    16    23    16    43     9    32     3     0    32    41     4    18    16 
   23     8    49     7    28     6    49    20    48     0    18    18    48    45    46     5    13     5     2    19    38    44    21    26    28    35    40    42     8     1    40    32    45    41    30    21    35    14    10     6    33    10    32    34    10    29    30    13    46    23    42    12    25    31    38    45    38    46    26    13 
   26    20    32    16    21     3    37     7    23     3     0    28    12    44    32    34    33    33    50     6    36    40    45    30     9    17    15    48    27    18    27     8     3    26     4     0    37    10    10     4    39    24    23    24     9    43    34    16    30    14    47    18    31     4    45     8     0    41    35    50 
    3    34    36    38    40    14    15    25    33     4     7     0    48    40     4    38    47     0    38     7    16    45    30    22    30    12     3    23    13     0    39    39    19     1    15    28    22    33     2    25    34    11    23    45    11     9    29    26    26     5    50    11    40     0    25    16    40    24     4    29 
   44    18    35    39    35    40     6    16    18    20    13     4     0     9    43    49     6    30     8    32     6    15    23    38    15    21    37    18    24    50    13    17    32    22    34    32    16     1    11    11    44    50    32    29    47    22    21    50    42    17    48     8    11    50    40    45    23    24    21    40 
   44    41    35    41    11    34    47    34     7     2    25    23     2     0    16    32    12     9     4    12    38    41    47    12    32    38    46     6    27    30     5    26    35     0    20    23    20     8    25    50    45     0    33    12    21    50     7    14    34     4    27    32    23    49    24    30    27    11     5    26 
   32    25    28    45    23    46     9    21    25    14    32     5    20    12     0    33    18    34    17    17    22    12    40    13     7    23    26    19    40    41    26    24     9    31    38    21    20    35     2    16    40    40    46     3    39    10    24    31    24    21     6    31    35     3    36    48    25    25     0    25 
   43    17    27     3    32     3    40    47    36     3    40    50    20     2    48     0    13    15    22    42    24    12    43    25    32     8    48    27    19     5    46     8    18    50    37     9    12    20    29    47    17     5    41    32    21    37    14    38    22    42    34    22     2    25    10     8    49    28    20    31 
   47    32    39    10    44     1    14    46    18    42    20    45    17    49    13    15     0    11    14     6    45    18    24    18    12    30    17    14     7    27     2    46     1     9    35    25     4    14    40    27    39    17    29     7    18     8    26     0     9    30    37    42    31    35     2    24    14    50    47    39 
   17    50    33    39    28    20    17    15    13    38    50    38     7    14    36    16     0     0    29    37    36    10     2    48     7    50    41    23    20    47    11     0     7    11    33     2    50    40    38    22    33    42    21    36    50    11    26    49    47    27    15     6    19    25    26    35    44     1    17    27 
   49    33    28    38    13    42    35    21    22    36    46    46    20     9    15    41    41    36     0    23    45     8    36     5     3    27    50    35    26     5    37    22     0    43    35    44    13    26    24    26    27    19    44    31    14    26    11     8    46    38    25     0     7    50    28    20     8    35    35    37 
   28    10    48    37    24    48    45    28    36    40    18     1     3    43    31    31    24     2    34     0    11    19     8     9     7    46    32    35    40    41    39    38    27    42    28     8    16    13    13    11    24    41    47    23    50     1    32    30    42     0     9    44     7    45    50    36    11    13    15    36 
   50    49    44     4    37    33    23    48    41     3    41    14    39    37     9    31    17    50    11    20     0     6    31    46    31     2    16    27     0    15    10     2    16    50    40    16    17    24    19    31    45    42    27    40    31    10    15     6    48    11    18    49    37    39     6    36    38    40    43    45 
   21    32    15    14     3    24    46     2    48    40    46    24    15    45     9     2     2    27    47     4    48     0    37    45     2    49    38     8    21    21    13    31     5    13     0    50    16    22     3    16    22    40    22    11    16     5    28    10    43     4     0    21    10    35    38    24    33    14    45    10 
   38    42    45    43    48    31     9    36    27    47     4    19    32    30     0    25    34    43    40    34     2    38     0    30    37    39    42    27    28    47    45    10    27    48    22    22    23     7    10    34    28    11    50     4    37    36    39     6    13    21    20    33    41    25     3    12    11    44    37    14 
   31     0    33    45    46    46    45    18    21    32     5    37     4    15    41    43    45     4     7    37    10    15    45     0    33     8    32    16     1    22    16    39     0     4    42    14    29     8    49    47    32    25     9     8    44    21    37    49    30    50    23    35    13    42    15    35    23    47    19    41 
   24    40    13    14    15    13    47    16     1     0    31    13    14     4    16    13    11    16    19    31    30    13    17    19     0    35    14    40     2    20    34     5     2    20    36     8     6    34    32    12    36    26    40     2    23     2    37    50     0    23    50    36    50    33     0    45    47    40    46    44 
   50     1    33    27    33    43    31    35    44    45    16    22    47    44     5    10    26    10    16     2    24    36    41    16     7     0     6    40     0    41    11    46    23    49     6    33    49    36     6     3    26     6     5    13    26    30    14    24    32    37    37    38    25     2    17    41    49    14    43    29 
   13     1    27    10    31    13    48    28     9    11    41    39    23    50    31     6    48     2    13    13    41    37    49    42    24    21     0    40     7    23    40     0     0    16     8    13     0    45     1    47    44    29    41    40    16     0    40    15     0    22    43    46    39    25     8    22    37    29    13     8 
   26    13     9    19    10    45     3     1    22    36     1    37    38    43    11    25    35    39    34    24     0    15    24    50    23    36    43     0     1    43    13    36    34    25    44     3    16    47    41    48    47    33    26    48    21    30     2    27    46    28    12    42    46    40     4    11     4    26    41    41 
   28    16    14     1    19    49     6    35     9    48    35    22    20    33     2    22    13    13    40    40    19    38    24     4    50    33    45    45     0    37    10    46    13    41     4    46    28    29    36    28    20    49    15    31    11    36    39    11     7    40    35     9    13     9    37    40     0    13    33     6 
   37    24    48     7    25     5     8    24    32    13    13    37    36    37    35     7    44    22    12    11    30    21     1    27    13    36    48    31    40     0     5    50    16    31     3    18    33    19     9    33     0    13    28    24    38    15    14    42    32    13    29    17    43     6     6    31     8    15    11     3 
    7    16    37    41    43    32    35    12    50    28    21     6     9     8    16    17    25    28    44     2    45    50    24    28    36     5    26    40    45    19     0    41    20     0     1    31    36    49    22    29    48    22    18    21     5    17     9    10    43    13     9    34    16    48     7    35    30    19    46    39 
   13    30     1    36     8    40    10    50    34    26    41    31    16    38    35    42     6    21    26     5    39    41     3    16    48    47    27    42    10     1     3     0    46    28    34    37    42    48    12    49    32    10    20     2    16    10    24    40    40    31     8    22    47     1    35    11     0    35    28    36 
    2     4    38    14    48    49    31     9    17    34    43    22    16    23    49    36    47    20    34    34    23    22     1    15    46    16    37    34     7    43    49     6     0    23    43    16    35    26     7    33    19    13     8    41    10    38    21    43    28    38     5    39    42     8    47     4    13    36    23    10 
   34     5    25     5    37    28    27     7    25    38    10    30     8    31    23    38    11    24    23    10    21    41    26    43     3    18    18    31    30    39    22    50    44     0    17    44    14     1    26     6    20    11    10    39    44     0    40    17     6    13    40    48    49    49    31    23    16     0    23    19 
   26    16    26    40    36    43    21    12     7    32    38    15     2     2    37    16     3    48    30    23    50    50    45     8    20    28    12    31    33    43    26    37    49    30     0    43    32    48     9     4    38     4    24    27    39     0     7     2    32    11    46     3    45    27     4    43    31    18    44    23 
    0    45     0    27    40    21    28    46    37    44    44    21    33     4     3    22    46    39     4    43     6    26    47    33    13    41    43    41    22     5    18    25    45    25    21     0    39     6     1     0     2    21    16    36     8    39    38    31     0     3    35    24    24     2    24    21    33    39    12    25 
   49    21    25    44    39    50    26     9    50    19    10    24    48    26    43     4    16    24    21    48    18     2    18    34     5    12    23    31    32    31    47    20    48    24    39    24     0    48    44     1    12    49     9     3    36    36    31    44    18     3    41    18    25    12    17    25    31    48    23    14 
   35     4    15    45    40     6    46    47    32    40    32    47    33    35    39    23    24    13    28    28    14    43    41    27    37     2     6    25    26     7     7     4    22    29    25    24    22     0    24     0    49    33    39    17    41     3     8    12    23    27    35    42    31    34    30    22    16    26    23    21 
   48    11     7    38    39    48     2    29     1    41    15    50    11    15    21    21    11    36    17    23     7    37    31     9    27    18    29    10    12    50    47    25    38    43    50    23     8    14     0     9     8     3    48     3    43    50     2    11    19     2    42    13    11    28    50    25    49    33    46    22 
   23     6    44    10    32     2    20    11    27    44    43     3    10    14    41     9    35    29    38     8    14    41    49    15    34    22    39    23    32    39    29    40    36    16     1    46    11    14    36     0     5    48    16     8    45    33    49    31     5    39    35     7    29     8    37    48    21    12     6    11 
   28    49    44    43    43    19    32     1    26    11     9    41    19    39    34    20     5    40     4     2    15    28    27    12    30    14     8    41    37     4    22    39     3    45    48    20    49    48    42    33     0    34    39    22    30    35    18    36     6     5    20    32    49    50    39    30    31     2    35    14 
   20    22    50    16    49    25    12     2    41    15    49    18    14    12    13     5    12    47    45    39    40    50    17     0    15    30    32     8    43    31    10    24     2    48    47    23    45    39    49    49    20     0    35    30    34     1    23    36     4    37    14    39     7    46    27    38    11    14    29    21 
   47    11     9    16     4    34    41    48    33    33    32     8    17    16    45     5    20     4    48     5    17    47    28    14    36     9    14    45    38    47    14    28     0     8    19    50    26    15    38     9     3     5     0    17     6    28    30    41    13    18    46    33     8    49    31    23    10    24    17    42 
   43    24    39    10    18    16    24     3    16    24     5    23    23     4    20    30     8    26    26    12    45    16    40    39    35     0    35    48     6    43    40    24    19    37    30     1    13    43    34    23    41    19    23     0    42     8    34    14    25    10    43    46    27    49    38    11    34    11    36    20 
   36    34    12     4    20    26    16    43     9    41     5    12    43    31     5    18    31    34    46    39    29    44    48    48    32    48     0    19    47     3     8    32    50     0    14    44     4    11    42    45     8    50    49     5     0    14    33    12    38    45    44    12    22    47    30    25    47    47    47    35 
   41     5    40     9    24    26    10    10    16    44     5    33     2    31    23    31    42    43    32    40    15    32    21     3    41    10    45    13     4    12     0    47    38    23    26     1    27    38    21    34     8    15    12    33    33     0    39    31    21    35     5    27    25    41    31     8    18    12     1    20 
   23     6    22    39    33    31    45    31    35    21    44     5    23    33     4    24    18    34    34     2    18    12    34    40    28    29    49    14    33    39    18    23    39    49    28    34     7    36    19    30    40    39     7    50    28    38     0     5     7    36    19    35    17    22     4    35    35     1    30    33 
   26    45     9    11    40    46    25    42     0    47     9    20    48     3    23    27    47    36    16    21     7    19     2    46    22    15    45    24    35    40    17    25    37    36    20    42    42     8     4    19    36     6    14    14    36    50    12     0    15    15    11    25     2    42    35    50    17     2     9     6 
   30    14    24    39    19    42     4    36    34     9     4    35    43    48    26     4    36     7    40    12     9    11    36     6    17    27    29     5    38     5    33    45    42     4     1    29    48    30     5     1     0     0    28    45    35     4    26    39     0    30    15     7     1    20    13    38    42    39    13     8 
   39    27     6     9    16    38    36    30    47    28    21    40    11    12     5    46    17     2    37    50     1     9    14     7    34    18    27     6    48    47    47    10    43    45    33    46    25    22    42    44     2    49    23    50    29    26    18    40    48     0    42    22    35    30    35     2    14    11     1     8 
   47    39    23    40     0    36    37    25    49     3    41    21     2    30    47    14    38    23     9     0    49     2    20    10    12    33    46    45    37     6    29    24    43    20    30    14    43    30    18     5    32    18    23    29    21    18    31    28     0    26     0    28     1    10    18    48    11    29    30    42 
   20    43     1    31    41    18    37     7    19    42    45    33    17    32     4    32     6    40    38    37    41     1     6    39    40    11    50     9     7     7    42     4    28    49    50    11    14    32    44    39    27    24    47    45     5    11    48    25    23     3     9     0    30    20    13    42    14    34    18     1 
   26    44    50    43    25    16    29    49     5    42     6     4    27    27    48     2    47    37    40    18    11    33    13    50    30    26    49    39    45    25    40    38    35    12    39    28    22     1    45    13    16    18    20    33    27    37    46     3     2    26     9    38     0    13    45    42    10     1    32     0 
   18    27    27    47    47    19    48    46    49    29    37    23    19     6    44    43    26    16    49    37    17    24     2     6    14    24    41    16    47     0    18    31    35    24     3    16     2    35    13    41    13     6    33    36    48    41    33    36    36    45    11    14    42     0    19    42    43    24    12    11 
   35     2     6    12    33    35    11     3    48    38    12    25    28     5    37    19    29    35    29    37    40    14    13    29     1    21     7    50    32     3    47    50    15     9    35    36    37    20    39     6    18    47    40     1    38    24    37    43     2    31     7    23    13    12     0    30    23    45    43    37 
   24     7     6    43    23    36    45    44    49     5    11    21    14     1     2    34    42    16    18    49    30     4    27    10    12    39    25    34    10    26    50    39    23    47    28    15    22     5    16    30    26    34     2    34    25    40    21    28    12    24    29    19     0     5     6     0    45    39    15    36 
   24    13     7    30    35    29    24    46    22    34    27    46    12    10     8    32    17    28     8    20    49     5    38    35     6    33    43    18    31    35    16    47    10    46    44    35    48     5    37    15    14     8    26    24     1    42    18    41    35     7     3    41    47    35     4    10     0    22    38    12 
   28    20    34    22    27    42    39    16    41    35    43    23    23    17     8    45    46     8    43    16    47    16    11    21    46    40     5    31     9    30    31    26    16    27     3    46    31     2    17    17    39    28    23    36    17     2    34    43    14    13    35    45    29    12     0    27     5     0    10    47 
    3    20    26    21    29    29     5     0    37    42    32    29    19    45    15    13     8    50    18    30    17    47    11    35    35    22    26    14    19    34    25    29    22    32    30    24    33    49    21     9     9    15    50     6    14    48    38    42    31    11    27    43    36     7    12    14    46    18     0     3 
   40     8    31    32    17    44    34    31     2    22    46    14    28    15     4    15    32    42    42     3    13    26    21    43     0     2    14    26     6    11    45    18    50    40    49    48     0    50     0    34    27    40    40    42    35     3    36    41    33    30    24    48    47     9    42    14     0    30    37     0 
