60

   73   129   112   125   141   145    67    72   137    61    65   146    88   112    61   103   103   134   106   124   137   141   149   143   123   116    70    83   146   148    81    94    68    66    90   143   136   106   103   120   106   105    54   108    52   145   146    75    93    75   141   146    96   120   135   136   109    76   121    80 
 5325  5267  5628  5231  5414  5177  5222  5342  5202  4790  5594  5631  5383  5386  5209  4586  3904  5574  4620  4402  5108  5300  5307  5494  5211  5284  4554  5599  5233  5310  5350  5289  5632  4174  5582  5366  5257  5663  5537  5517  4714  5415  5437  5302  5466  5241  5331  4276  5681  5333  4048  5558  5451  5539  5550  5340  4985  4911  5442  5549 
    9     3     4     0     2     2     6     6     6     1     9    10    10     2     6    10    10     7     8     6    10    10     5     1     3     4     1     9    10     8     3     0     8     7     1     4     6     0    10     9     7    10     2     6     4     8     2     3     8     2     8     0     0     5     9     8     4     8     0    10 

  125    34    31    78     2     7   130   120    88    92     3    23    25    83    50   104    42    58    79   141   104    28    29    37   114   150    26    47     0     1    59   109   110    78    78     5   129    11    70   148    30    30     1    90   120    77    94    75   138    56   104    11   143    89    48   147    37    63    44    49 
    0   109   114    50   109     5     6   101    73   120    65    18    67    39   145    20    52   102    40   147    79    42   112    89     0     0   102    78    24    53    13   110   121    49   130    73     6   103   112    85   138    74   123    33    80    60   131    72    39    81   143    92   131    38    47   118   113    36    40    55 
   75     0   130    83   129   124    44     2   141   142    15    76    15    33   123    28   109    73   150    20     4    22    42    22    24     8   126    34    37    66    32     9   106   110    59    84   117   100    56   120    17    83   128   103    79    91   150     7   119   148   145    70    91    15   111   102   129   150   100    94 
  144    46     0   144   132    17     0    71    82     7    69    38    62   113    61   110    15    88   138    28     4    20   132    33   102    19    37    47    58    51   109    56   143    98    52    46    67   136   147   103   146     3   129   148   136    11   120    63   123     0    73    48    83    83    34   118    73    72    12    98 
   43    12    20     0    64   121   150   107    87    61    67    61   136    77   108     2    74    42     3    41    43    34    11    83    22   108   116    47    88   113    72    93   104   105   141   103    56     7   116    36    75    98   128    11    17    45   119   101   138   149    15   131    55    66    60    93   120    28   117    63 
   97   139    92    80     0   132     4    55   143   119   124   102   132     1     4   138   125    69    43    65    16    59    32    83    30    10   101   133    22    35    20    49    85    92   117    68    48    49    46   122    23    29   149   149   118    40    45    35   100     7    20     0    48    66    22    82    61    12   118    42 
   44   115   126    26    40     0   108    56   131    20   124   122    33    81   140     3    24    74    66   108    93   134    83    48    71    38    76   135    84   110    23    33    23   100   109     3   146    69    86    91   105    32    63    73    94   102    80    32     9    24   113    32   130    86   141   135    76     8   145    39 
   53   111    62   106    90   133     0   111     6    73    55    89    97    93   114    30    76    87    23    16    95     1   112   137   126   137    50   147   146   107    71    83   133   107    35   130   116     6    98   113   111    61   105    34     5   100    59    46    99   110    51   104   115    36    88   112    61   124    80   135 
  134    80   135     6    64    74    55     0    69    89   105    43    64     7    74   117    12    92   125    95   145    57   123    58    49    66    82    98   138   116    77   115    63   101    38    60    69    70   134   117   107    55   122    83   148     0    96    16    10   111    90   123    80   112    75   147   102    54    22    81 
   96     7   138   142   121    97    99    15     0     2    84    89   102    37    50    11    16    92   123    36    26   109   112    21    69    99    27   120   120    97   116   111    83    76    81    57     1    46    76   117    40   145    69    93    93   120    86   149   145    58   144    19   100    45    69   150   112   127    60    26 
   14   109   126    92    98    69    80    91    10     0   135     8     9    47    77    88    14    70    16   148   145    26    68   135    10   146   106   129   113   137   143    80   103   115    79   114   149    36   112   119    52     9    16    15    35   111    39    58    95    25    84   133     8    92   138   137   141    13   144   116 
   35    26   121   128    67    73    91    77   144    90     0     4    12    67   129    72    95    65    97   121   149   145    49     4    98     8    43    43   149   140    72    88    97    77   111    12    82    62    79   148    84   136    45    61   109   116    42   115     3    80   122     6    15   125   103    19    24    72   147    16 
   96    81    57   101    63    69    20    84    68    24    36     0   123   137   106   118    99   139     0   121    12   122    31    84    38    15   103   107   103    89    92    73    24   128    89    57   136    55    86    20    37   131   106    57    98    51   127   132    36   146    41   118    50    17    43    92   134    58    47     5 
   22    23   102    72    32    51    71   117    17    72    14    37     0    78    55   146    35   136    99   146    29    89   145    81   111    63    62    70    54    39     3    24   110   142   115    80    27    64    10    91   129   121    58    71   109    14    83   102    98    96    40    74    60   100   102    73   132    15   141    54 
    3   128   142    94    11     4   140   125    85    37     2   124    99     0     4     5   132   117   107    76    85   105    72   144   109    97    98   102   120    71   133    94    12    71    15    32   142    91   119     8   149   121   134    68   118    17    93    95    53    77   108    50   101    36    81    30    25    43     3    25 
   93   100   101    97    87    78    24   120   107   121    67   147    88    40     0    24    39   109    15    76   105   112    21    25   131    63    78   119    48   142    63    29   147    90   140    28     9     3   116    43   126    85    85    87    50    83    83    88    27   144   120    24    45    22   150    38   111   131    82    86 
   84    11    36   120   121    76    13    61    78    97    92   126   134   126    31     0    87    86    58    42    82   135   138   122   106    90   124   107   117    36     1    37   114    86   140    40    33   116    64   140    21    20    72    58    77   146    47    20    54   130   110    24   113   126   141    44    83    83    39    21 
   50   116   148    38   149    88    39   138    24    70    88    86    48   126    54   139     0    30   142     4    56    93   124    34     7   136    62    51   129   118   117    60    23    92    74    98   119    50    23    62   103    39   137   115    95   141    14    71    61    44    75   105   143   132   120   122    30    92    46    95 
   75   135   128   110   114   131   114    48   113   113     7   114    30    25    40     6    56     0   111    36    17   145   144    54   118    19   143    98   146    69    96    41   108    66    96   123    49    75    86    78    39    26    35   111    21    43    78   106   110    86    90   147   111    72   112    48   144    73    30    54 
   51   114    68    89   121    23    93    29    94   123    64    56   111    83    87   120    27    18     0    50    12    48     7    27    33   113    35    38    96   113   135   111   108    41    43   143    67   107    10    64    22   140    51    90    21   134    46   116   105   133   106   145     2    82    78   148    64    87    67     4 
    2    19   114    79    10    81   100   145     0    57    83    40   108    71    18    95   103    91    89     0    57   111    62    92     2    35   144    74    58    46    51    88    96    55    24   115    51    10     5    40     8    23    86   104    60   111    70   113     8    71    89   143    44    29   103   125    85   115    79   149 
   30   140    19    98    70   100   141   108    32    88   134     3   113   101    51    35    33    75     6   106     0    99    80   142    55    90     7   148    13   148   121   121   139   137    27   142    98    89    60    21    93    62    20    77   130   113    10   108    11    23    85    68   112   115    54    56    52    44    79    24 
   47    78   144    22   148    32    90    71    67    89    19    77    11    11    27    99   130   127    69    76    82     0     5   108     4   103    72   111   129    73    37    44    80    88    39   147   142    37   129   102    56   144     3    72    90   150    59    15     6    79    84   136   109    54    83   121   125    34    10    36 
    7    66   118    66    75    35    43   145   137    92    64   112   116    37   104   140    16    62    28    35    29   140     0    30    76   112    70    95    60    64    52    15   118    86   108    85    99    37    74    10    30    16    73    15    54    51    99    85    42    83    78    74   144   130   131   102   112    52   146    95 
  102    91   140   110   127    96     5   144    99    72     9    57    76    66   125    25    35    94    10     8   139    29     3     0     1   109    63    94   148   141    85    16   114   149    17    80    76     7   136    88    46   149   131   103    85   105    34    48   103    99    73   116   143    71   121     1    88    99    39   104 
   91    18    83    42    89    71   103     2   107   108    91    99   121   139     3    24     3   127    97    21   119   123   104   110     0   133    14    32   100   112   111    53    35   145    98    24    63    98   126   103   108   132    17    75   122   113    47   150   116    58   144    93    29   105    73     4    38    35   104    89 
   83    67    47   136    28    69   106   128   122     5    88   127   124    10     7    70    17    47   142   146     6    58    99    71   124     0    78    83    46   111    21    93    11     5   144    16     4    87    58    71    32   146    99    79   129    20    20     2    35    73     3   118    94   142     5    38    12   101   124    93 
   38    33    65    24   102    36    98     2    99    70   100    21    85   111    82     6   109    69   101     9   131    13     7    98    72   149     0     3   132    17    16   120    22    33    79   118    89    37    83   119   126   114   120    88    15    26   109    59   133    86   108   133   113    72    25    36    73    16    83   150 
   86    68    55     7   126     0     8    39    93   132    50    33    92    41   144    52   144   128   149    34   106   137   123   112     6    33   135     0    47   130     8    85   109    69    79    34    53   129    71   114   126   112   112    19   102    16     5    22    44    29    15   133    27   146    96   106     7    72    31    39 
   25    46   129     3   141    83   121    48   140     4     9    11    69   143   139   137    87    67   104    56    19    73    25   131    37    11    18   145     0   150    16    85    58    98    27    78    97   122   148   120    19   125   139    54   127   113   103    17   118    76   103    20   107    84   131    29    14    99     3   150 
   99    42    90   107   135    15   150    29    68    22   147    81    27   144    55    72    48    87     1   104     6    45    88   116     5    22   100    65    78     0    21    35    68    22   101    93    19    91   123    27    47    13   145   145     7   118    27    51   140    53    68   140   134    44    46    40   117   107    37    31 
   42     4    47     5   143    45    56   139   130   143     7    31   106   127   119    88    98    40   123    77    92    80    59    33   144     1    12   114    15     3     0   140   133   103    62   121   139    34    34     9    11     5    12    44    65    53    91   136    96   131    50    60     7    37    23    15   113   136   102    22 
    6    83    50   124   134   141    37   139    60    39   114   128    96    74    56   100     3    14    51    69    81    40   113   141   150    41    64    74    75    58    84     0   102   146   147    77   135     9    21     6    36    80     6     7   124    63   119    36    99   102    28    19   140     1    93   118    26    28   106    96 
   61   144   120   147   102    14   123   111    10   150    41    63    58    83    46   103   112    85    66    42   125    47    22   143   134    57    82    56    49   111    45    91     0    85    66   111   107    44   115    26    28   146    86    78    29    53     9    10    90    61    43    16   103   104   112   125    49   150   123   128 
   58   105    30     9   112   119    17    50    50   114    12    70     3    68   132    28    21     0    47    16    25    71    64    88     5   103   134    58   147    89    60    37    57     0    36   139    25   123   116    81   122    27    42    42   111    37    71   108    77   136    51    38    70    67    88    69   116   125   115   103 
   42    51    76    76    87    17    51   137    63   139    37    14    70   128   118   146    72   137   113    26   108    44    52   131   114    35   123    43   147    68    46    23    24    31     0    53    36    88   140    41     5   105     9    47    51    81    63   142   134   116   138    68    75    86    13    32   130     5   144    81 
  117   119   117    24   143   138   127    22   142    18     2    60    44    79    31    15    14   120   133    13    61    60    83    61    35   129    57   110   133    56    29    72    50   147     7     0    69    88    34    14   115    80     7   116    80    39   140    47    29    82    71     0    98   138    35    18   135    55   102   106 
   95     1    44    74    93   134    68    13    28    54     1    60   138   148    26    91    50    91    58    97   120    28    18   121   117   142    97   119    95     6    91    30   107     3    74     3     0    28    82    56    52    82     5    33    12   121    46    11   136    46   126   106    72   150   139    57   104   127    70    13 
  125    46    17    29    76    45    55    47   125    81   137    81    63    37    89    80   106    87    32   150    48    23    84    99   107    77    70    13    63    64    74   129    14   142    57    63    62     0   116    97    80    35    60    27   138     4    62    70     5   115    28    47   118    76    22    78    98    33    47    95 
   37    11    40    46    57    13    87   125    14    83    93    86   114    71   101    82   113    85   135    71    26   101    43   125   107     0   120    46    20   117   116   117    29   106    55    98   149    90     0   103     0   147    71    78   105    11    42    92    31   138    82    80   106    47   124     6    64   132    12    10 
  116     0    46   138    10    81   113    41    83   116   141     8    72   120   126     8    38   145    27   130    89    36   119    80   101    55    71    47    21    40    65   126     4    25    22    64   116   112   150     0    43   144    85   147   112    76    56   127    17    18   112    91    42     1     3    99   148    43   101    40 
    0   129    60    25    19    60    88   121    45    27   114    42    11   139    41   120    18     8    54    12    98    42   141    90     0   124    82   107   108    13    25    96   126     8   125    12    34    72    22   134     0    51    44    70    90     8    44    85    93   119   140    40    70   133   116   126    22   139    72    12 
   63   103     5     8     3    86   118    44   104   138   102   105    96   139   118   141    85   130   144    77    94    60    29    70    74   148     8   135   142   150    52    44    69    69   115    72    78    99    48     4   141     0    86   113   148   125   143    97    40    66    85    36   116    84    43    17   118   110    73    91 
  149    92     1    63   124    36    53    29    85    40    38   138    25   130    48   105   145    82   143   115   113    27   148    95   106    86    50    97     4    63    98    92    45   126   135    57    67    70    23    71    62   108     0    94    53     5    48    27    48    47   129    41    42   136   113    91    48     3   126     7 
   52     4    24    99    66    81    85   118   140    40    94    10    42    98   138    67     8    37    82   129    88    65   122    68   112    88   117    30    35    15    28   124    98    68    99    52   136    39    99    27    46    10   123     0   126    26    87   141    40    84   124   100    30    94    89    48   138   131   120    13 
   75    59    57   128    34   103    48   147    38   122   105   133    80    80    16    46   127    76    66    14   118     0   108   105   101   148    34   124    31     8     3   127   109    71    53    17   119     2   123    10    76   104    38    21     0   113   131    27   128   121   109    34   148    36    36   109   146    24    62    89 
  135    63    41    55    39    93     7    88    12    16   124   150    10    13   140    39   116     6    69    31    67     0    53    49    45   128    99   130   137    48    37   144   139    57   140    75    75    31   127    90    15    18    83    50   116     0    76   149   105    37     6   126   126   101    62   140    46   136    71     4 
   22   126    42     5   146    29    13    29    60   120   145   146   148   101    58   105    85    36   132    29   138    96    65     5    87    20    84    53   141   136    99    20   128   150    66   112   119    32   108   109   123    36    50    15     6    23     0    23    33    50     2    65   121    34   129    63   104    32    16    38 
   29   103    38   113    46   118    90    48    29    73    55   113   146    51    47    96    75   133    17    85    16    65   120    16    58   112   107     4    68    64   100    93   102   143   125    61    43    30    52    81     1    24    81   135    90    76    65     0    33   133    87    75    51    16    95    15   147   113   120   125 
  139   149    89    93    82    70   140    50   120   130   114    88    98    58   143    31    23    99     1     7    42     6   139   118   142    46    70     1    77    40     7    40     6   114    50   123    57    84    39    33    22    71   124   130    92    38   137   118     0    93   132    19    56    74   128     9   105    96   146   130 
   49     6   126    90    52    99    82   100    82    17     0    72    49    35   125   125   117   138    76   146    57    79   136    43    90    47    88   109   148     8   141    43    72    25    52   129   105   114   105    98   117     9    81    89    79    28     1   149    73     0    38    74   130   149     0   113    20   135     5    49 
   31    18   121    94    72    38    60    92     7    25    38    22    20   140    35   124   147    20   144   127   136    12     4    20    35   117    69    91   135   118    58    53    52    44   114    63     2   119    41    63   141    68    14    42    66   135    51    36     8   103     0   129   130   108   103    80   141    55   132   129 
   46   116    26    39    16    43   122   101   123    16   102    66   142    21    24    62     4   105   113   119    19    60   115    25     6    73     3    18    51    67    77    67    22     8   123    37   108     6    22    49    31    86   140    67    34   140    62    12    41   140   131     0    11   128   128   145    30    24   145    14 
  140    76    91   120    47    17   131    44    90    38    88    50    73    82   122    68   107    45   106    30   145    50    43   123   141    94   144    45   124    13     8     4    83    20    77    57   105   108    87    78    24    10   134    15   144    90    45    66    51   131    91   100     0    83    96    65    13    88   140    82 
   23    15    55   142    66   150    55    20     5   117    15    47    23   124    68    71    82   131    95     9    39    41    70    23    51   143    79   133    20    58    63   121   112    84    60   140   131   106    27   140    48    18    30    75   138    20   136   124    78   131   126    36    36     0    84    43   140    85    78   121 
   72    42    67   133   101    45    17   143   129   108    61    62    41    28     0    43    80   130   109    91    99   130    63    39    87    78   131   126   117   110    46   135    47    89     4    92     4     3    72    63    90   117   132    38    21    58    89    55    28    68    18    81     1    45     0    78   110    85    31    71 
  150     3    17     1    46    25   134   120   104    81    48    84   126    34   129     9    88    19    25   112   127    43    79    17   107   128   125    70   120   132   111    97   106    49   108    75    53    99    13    30    50   100    94    19    57    12    64   150    60    67    97   146    41    30    14     0    58     7    35    66 
  146    36    17   147    55    87   123   131    31    29    79    91   109    69    67     3    15    56    72    97    62    11   138     4   126    92    26   141    23   142   105   116    16    91   148    70    45     4    56     1   107    66    40    19    94    81   138    63   124    88    98    93     6   130    38   141     0    64    25   108 
   15    11    28    51   130    12    39   117   127   100    36   105    77    42    15    66    65   136    25    17    24    50    81    88     2   115    78    64    96    11    27    19   130    79    54    12    11   132    82    79   115    70   104    51    11   123    19    62    57    97    74   104   125    92   100    53    19     0   137   109 
   15    96    39   116    64   141    32    45    12     6    56    44   101    55    91    42    88    15     4    47   131    79    91     5    83    41    70    89    33    71   115   147    60    71   121   149    84    91    51    76   123    27    40   144   101    73    74   102    35     6     9    87   121    64    65    78     2     6     0    23 
  139    30     1    88    81   106    28   117    15    10    37    90    61   109     9    53    75    35   123     1   107   123   103    30   130    49    84   111   143     2   105    95    83    92    77   113   108    40    21    38    72   134   117    16    19   123   140    36    44     0   123    59    46    79    29    21    18     3    15     0 
