60

  104   126   122    68   147   149   147    77    93   102    97   150    87    68   147   128   120    69    94    73    63   135    74   105   135    64    83   130   135    63    82   112   110    79    62    70    55    95   114   112   146   134   121    68   104    92   101    92    65   138   136    90   148   110   103    62   149   124   113    60 
 4738  2518  3356  3737  5623  5790  5087  5559  5959  5041  5247  4608  5344  5211  5870  5247  4560  1434  5622  5844  5565  4549  2222  5107  3709  4877  4853  4656  2886  5871  5887  1913  3521  4947  5139  5323  1726  5564  4392  3798  5434  4824  3978  5243  5475  5746  5056  1924  1501  3947  4877  1343  4956  5424  3687  5005  2161  5136  5839  2307 
    7     0     7     5     0     6     9     8     6     1     8     3     0     8     9     0     3     6     9     5     7     1     1     2     4     5     8     8     5     9     7     8     1     6     9     6     5     5     6     7     5    10     6     5     2     0     7     7     8    10     1     1     1     0     5    10    10     3     8     7 

   25     2    25    15     4     6     4    17    34    17    34     9    18    50    31    27    26    40    42    44    22    17    26    32    29    28    22    37     8    11    26    19    49    35    45     3    43    23    17    26     1    28    46    32    23     5    25    43    35    20    24     5    28     9    45    50    16    39     3    28 
    0    40     6    17    29    11    38     1    20    18    13    23    17    31    19    26    36     4    43    10    19    12    11    16     2    19    29    15    37    15    21    32    38    30    36    13    39    13    37    48     5    43     7    27    47    18    44    39    47    50    50    23    34    16    40    48    34    25    41     4 
   20     0    33    40     4    28    10    19    45    50    40    14    31    48     7    50    43    18    22    48    18    10    33    39    20     8    34    42    26     8    45    37    31    10    44    33    22    50    13     9     0     6    29    24    36    31     1    30    37     2    45    19     4    49    11    22    38    17    37    25 
   27    19     0     8    35     1     2     9    23    46     6    31    21    20    34    14     8    18     0    45    13    34    19    25     9    45    30     1     9    50    27    49    33    15    11    40     4    37     9    14    42    36    44    12     9     0    31    13     3    26    14    17    28     1    33    14    30    41     0    18 
   32     3    50     0    29    15    19    49    46    32    38    48    22    25    23    26    14    16    40    27    45    23    45    44    24     1    45    32    16    25    44    45    12    25     0    28    17    23     5    16    16    46    33    29    34    24     6    19     1     8     1     2    32    15     6    40    34    16    23    38 
   43    48    36    16     0    34    16    31    20     9    17    50    42     8    33     0    50    33    25    31    44    41    32     0    46    15    43    26    38    19    16    11    28    14    21     7    40     0    10    25     7    45     6    22    14    13    25    23     1    34    49    27    10    30    44    32     5    46    36    22 
   44     1    48    22     9     0     8    50    35    44    35    16    17    11    23    24    11    27    30    25    37    28    40    14    24    29    48    35    12    16    24    50    15     3    49    47    49    15    13    38     9     4     6    33    26    34    10    43     2    21    28    38     8    20     6    42    13    13    41    26 
   19     2    42    45     0    25     0    19     5    10    17    12    43    34    32    31    34    32     1    26    23    39    42    14    21    42    12    17    13    44     5    12    15    46    49    19    13     2    36    15    34    31     5    19    17    22     7    11     3     4    39    20    29    34     6    47    19     9    25     2 
   30    46     3    26    42    50    30     0    31    50    36    37    22    33     1    32    41    21     7    40    18    14    40     9    37    12    50    35    12    43    50    23    46    22    50    43    42    37    20    23    40     1    34     3     0    29    48    12    48    32    25    13     3    18    39    15    22    39     2    42 
   43    46    37    21    22    29    28    18     0    25    46    30    44    17    46    23    15    32    31    36    46    32    15     3    36    20    41    12     2    17     8     0    20    13     3    35    33    35    46    25    20    21     6     9    17    23    34    43    31    41    31    15    35    45    39    27     4    34    49    16 
   20    26    46    15    19     4    17    48    18     0    37    25    47    31    33     5    16    39    13    25    37    14    28    40    16     7    10    17     8    46     9    12    31     5    49    34    32    12    23    34    29    21    10    20    45     3    14     5    34    39    39    41     8    25    33     2     5    26     2    13 
   14    40    32    20     2    50     4     1    29    37     0    48     1    19    22    32    11    48     4    20    20    39     6    15    22    25    15    36    20    18    48    42    27     3    37     0     2    25    29    14    50    31    28     1    42    39     4    40    49    42    31    33    18    25     5    30    39    22    29    38 
   19    44    36     1    41    15     7    19    42    39    31     0    19    41    35    33     7    28    21     7    26    38    28    31    24    17     7    15     6     4    39     1    40    19     2    22    44    13    39     6    36    33    10    25    26    12    28    25    17    44    43    36    45    35    39    39     1    35    48    29 
   49    41    30    41     6    46     0    34    19    21    35    39     0    25    18    35    38    16    10    40    13    21     0    19    21    28    38     0    48    12    50    11    22     2     5     0    42     8    44     1    43    30    30    29     4     4    49    47    23    17    12    21    42    27    41    11    22    25     0     9 
   28     7    43    47    27    48     4    35     6    49    35    14    46     0    13    19    12    43    16    20    13    33    36    35     4    18     4    15    31    40    35     3    34    15    38    22    31    14     0    16     3     8    24     0    33    50    24    15    17    46    42    43    25    42    45    41    16    43    40    33 
   40     1    11    33    29    38    45    34    47    18    31     9     6     1     0    26    20    41    10    10    22    41     6    17    27    42    25    33    43    15     9    31    22    45    24     5    34    20     9    50    27    41    35     0    40     1    23    42    17    11    42    31     0    49     7    39    43     6    41    20 
   45     1    50    39     0    22    49     9    49    17    46    11    21     2    28     0     8    14    21    50     4    32    42    47    29    22    14    27     9    47    46    44    39    24    50    11    32     0     1    44    31    42     9    39    27    33    46    49     6    12    48    34    12    28    15    47    23    38    49     0 
   43     4    33    47    17    39    46    39     6    29    35     1    44    27    49    21     0    33    47    50    20    39    45    38    14    16    20    50    20    19    33    31    42     2    15     1    45    43     0    31     8     5     9    29    20    11    23    29    11    18     8    19    35    16    46     8     6    43    28    29 
   10    28    32    16    47    43     2    32    35    48    16    41    10    12    34    15    45     0     1     8    22    21    21    15    20     3    19    41    35    30    13    29    16    29    33     8    11    28     5    32    21    21    19    26    12    10     7    43    15    48    10    10    33    47    10    24    32    43    46    17 
   42    16    35    34    18    15     8    45    48    30    18    11    38    22    32     3     6     7     0     8    38     2    40    17    29    34    13    29    41    27    27    37    17    10    18    12     5    22     9    16    25     3    45     1    31     0     2    21    27     6    30    47    39    39    33     5    29    15    39    42 
    5     5    39    18    27     6    24     5     8    18    39    15    13    38    45    49    16     7    46     0    37    41    22    33    25    37     7    22    26    32    39    29     9    32    40    45    12     0    18     6    29    46     7    38    38    18    42    19    27    10    48    32    31    49     0    42    40    34     5     4 
   46    23    42    25    50    39     2    15    21    25    15    24    33    11    17     9    21     5    31    40     0     8    13    19    44    27    25    19    21    12    18    11    35     4    12    29    48    43    38    10    11    29     7    38    37    25    38    33    24    32     6    31    20    20     3    44    11     2    34    36 
   25    11    17    16    10     7    28    34    40    27    43    44    24    20     3    42    40    14    44     7     6     0    12    24    39    48    23    17    36    43    28    47    21    21     1    44    23    28    25    32    36    21     5    14    12    10    38    43    21    36    21    11    36    46     6    48     1     5     9    41 
   41    37    20     3     5    24    25    22    26    32    29     5    23    28    46    14    35    33    15     5    49    40     0    18    49    47    12     8    41    46    42    18    43    46    27    31    10    37    17    44    29    24    21    33    18    13    18    40    26    40    20    21     9    10    43    50    11     4     5    12 
   26     2    20    30     9    24     4    36    44    38     4    36    12    34    48    18    49    33    14     6    35    23    16     0    24     1    45     0    12     5    50    25     8    48    11    44    36    36    37     5    41    31    30    14    11    17    30    11     4     7    19    20    41    37    47    17    28    47    26    44 
   34    26     2     4    13    30    19    34     8    35     9    37     9    44    16    49    42    36    39    48    30    16    15    43     0    35    17     2    30     5     9    31    11    13    41    15     7    18    45    32    32    36    20    15     1    27    45    47    37    28    46    48    47    17    20    10    19    32    11    23 
   48    32     8    13    16    20    37     9    35    25    48    24    38     1    24    25    16    37     9    33     2     5     8    32    10     0    17    29    34    24    11    16     4    13    30    26    27    21     0    44    42    29    33    42    42    29    45    18     2    20     6    37    43    46    47    10    36     3    15    16 
    3    20    22    20    27    47    40    31    33    20     6    10    10    29    15    11    12    18    20    19    29    49    40     7     9    45     0     0     7    35    24    23    42    25    14    24    29    36     4    18    45    23     1    42    48    34    10    46    21    20    22    50    19    36    15     1    25    31     0    42 
   37    47    29    22    14     4    37    17    17    42    49    13    34    18    31    21    26    39    45    36    35    47    29    21    43    37    27     0    46    44    45    40    16    43    35    13    50     8    47    17     3     7    31    39    21    48    39    40     7    29    31    25    23    22    33    10    16     6    29    47 
   20     2    11    24    28    50    47    14    33    30    48    28    28    33    45     5    14     9    29     4    40    46    44     7    29     5     6    46     0    22    26    33     4     5    39    13    34    10    32    35     9    36     3     2    35    50    24    33    46     8    38    26    15    33     3     4    47    23    44    44 
   20    32    46    44     9    39    21    28    36    13    39    39    44    14    10    41    49    15    28    23    31    43    27     8     3    40    34    20    18     0    22    50    49     2    28     0    40     5    26    20     3    20    13    22    42     2    40    27    28    18    28    31    39     4    27    41    10     7    20    17 
   45    26    10    45    44    33    17    21     3    50    45     9    22    18    31    30    13    35    16    24    24     0    28     2    12    20    50    50    27    10     0     2    20    32    47    11     6    10     5    40     3    30    39    45    23    15    28    46     2    25    32    11    15    49    48    49    22    28    12    31 
   22     3    43    24    42    46    41     2     0    34    36     8     1    35    15     5    13    23    11    40     0    15    49    46    10    43    23    28     6     2    26     0     4    47    14    23    50    42    26     5     9    50    15    27    33    22    17    39    40    22    22    12     1    48     8    49     6     3    43    19 
   28    12    41    42     0    40    44    39    30     5    48    35    32    14    41    40    43    12    18    32     0    44    35     7    18    10    33    47    47    25     6    10     0    27    34    41    16    42    10    31    20    13    43    21    34    28     6    24    14     8    21    48    23    10    17    18    14    33     6    31 
   23    28     2    40    48    36    10    33     7    12    23    33    49    21    22    39    27    42    46    15     1    12     6    50    37    19    11    21    12     8    14     8    48     0    30    40    13    16    19    46    24    27    24    35    37    50    43    33    48    41    31    37    42     7    33    22    10    30     5    35 
    2    42    15    36    15    22    43    44     4     9    45     2     1    26     4    12     4    18    34    21    49    26    43    30    11    36    44    17    27    36     4    18    22    29     0    44     3    21    10    12     8    15     7    49    14     1    37    30    46    27     6    15    28    36     0    44     0    35     8     1 
   45    45    11    27    19    21    36    31    34    11    21     1    39    45    26     4    28    27    11    40    20    19    19    36    38     0    22    18    44    16    10    49    39     2    44     0    25    11    45     1     8     2    37    22     6    21    10    29    21    39    47    34    41    46    23    25    49     7     2    15 
   39     2    14     2    25    44     0    12    29    27    47    24    47    18    49    32    13    35     7    19    22     1     8    31    37    38     6    13    15    36     6     1     4    38    47    35     0    16     8    27     1    29     7    50    47    46    22     1    32    20    28     7    39    41     2    40     0    10    39    26 
   31    32    36     4    12    41    44    17    17    24    29     8    50    38    31    19     2    19    46    17    37    18     4     4    47    48    44    49    26    41    19    34    23     6    15    39     7     0     5     4    27    40    32    17     4    47     2    23     9    37    38    49    20    15    34    15     9     7    19    23 
   11     6    35     4     1    17    14     9    36     0    37     4    12    17    46    31    47    47    26    41    10     9    33    46    14    32    11    34     2    25    18    41    30    34    33    25    47    21     0    26    36    36     4     8     4    24    14     0     4    20    41    30    21    46     3    20    48    13    33    20 
   44    27    28     3     8    24    15     5    46    38    15    24    47    25    16    17    11    20    23    39    33    36    18    35    22    20    30     1    33     4    46     4     7    16    22    19    12    18    10     0    26     7     4    18    46    21    30    25    13    32    29     8    48    14    21     1    19    25     5    18 
   22    37    29    15    32    34    35     4    32    36    25    40    33    48    49     4    16     0    31    44    45     3     2    12    40     7    42    28    13    16    49    11    32    20    10    50     6    19    26     1     0    44    26    46    18    12     2    17    31    44    46    26    31     9    31    32    37    40    47    29 
    8     0     5    12    50    44     2    22    35    30     9     0    37     8     2    10    35    35    30    34     1    14    24    45    45    47    32     4    28    50    13    41    30    12    39    16    41    38    36    36    25     0    16    49     5     2    26    19    13    42    28    37    24    42     7    12    42    21    35     0 
    2    14    26    18    35    16    29    32    29    32     3    20    43    14    11    17    43    39    40    19    13    12    28    16    30    19    27    19    39    15    35    46    38    21    41    16     0    34    38    28    36    12     0    19     9    27    27    43    46    15    16    28    48    33     1    50    47     3     8    26 
   40    44     4    35    23    21    49    39    50    14    18    49     8    46    18     3    25    17    24    50    31    27     5    29    42    43    23    20    22    39    47    25    39    30    38    24    19    10    48    16    43    21     2     0    25    45     8    31    40    27    33    40    19    37    22    30    21    19    32    12 
   30    19    37    32    14    34    24     6    34    16     1    29    10     6     4    25    49     8    31     1    16    22    40    28    23     5    25    31    46    35    50    46    17    24    29    33     3    42    38     2     2    18     8    25     0    39    26    47    15    36     6    37    13    20     4    32    13    48    26    20 
   12    16    33     8    23    42    25    15     3    10    15     7    14    32    16    36    49    13    10    46    19     1    37    47    10    32     7     1    28    18    23    25    32    24    25    40    41     5    13     2    47    47    47    17    31     0    50    15    41    32    35    21    31     0    20    32     6    49    49    21 
    5     9    11    41    24     4    23    33    25    22    11    46    26     4     5     7    12     8    19    42    31    29    29    39    22    35    48    38    15    44    25    20     4    23    49     7    46    25    38    28     6     3    40    47    13    20     0    27    43    48     1    17    42    34     5    14     0    47    36     1 
   32    42    49    11     9    26     3     7    28    36    39    23     7    14    41    12    35    32    47    49     4    41    47    13    38    14    20    13     6    21     9    15     9    22    11     9    50    15    21    46    21    49    41     4    36    30    19     0    13     5    20    20    20    39    20     4    28    38    21    34 
   49    43    12    41     0    25    48    24    50     2    42    43    34    16    16     6    10    12    35     4    43    26    36    27    48    50    42    40    24     1    41    26    21    41    20    49     4     7    12     3    49    41    21    34    31    11     0    12     0    37    46    24    26    26     2    46    25    48    37    16 
   37    28    42    33    18    44    40    37    20    29    47    31     0    11    19    23     1    14    44     2    28    33    11    35    24    11     8    38    43     0     1     5    20    37    21    29    20    12    19    23    17     3     7    23    30     3    20    13    46     0    25    49    23     9    47    25    39    11    24     6 
   21    41    25    18     0     8     2    37    46    27    26    16    19    31    29    44    44     8    29     0    31     7    17    43    31    37    19    43    29    45    40    30     0    49    18    20     4    31    44    41    19     4    20    50     8    49    26    33    28    44     0     7    26    46    47    29    29    40    18    49 
   20     8    11    31    20    46    48    49    48    40    23    44    30     8    25     3     0     2    23    44    21    36    17    48    32    10    34    45     8    36    44    42    11    11    48    49     2    31    10     6    50    36     7     4    38    13     9    20    14    46    42     0    32    35     2     9    41     9    47    17 
    1    16     5    48    34    37    19    35    15    26    49     8    18    27    17     3    33    21     1    31     9     0    40     1    15    22    32     3    35    36    23    23    32     7    45    32    35    45    13    21    45    46    42    50    16    19    33     6    10    43    43    36     0    47    34     5    49    47     8    39 
   22    37    17    24    34    17    35    28    34     1    27    37    34    28    48    49    16     7    21    28    32    31    34     9    34    35     3    48     0    17    46    30    22    19    26    22    49    28    14    44    23    14    43    33     6     1    38    15    10    37    18    15    11     0    50    19     9     3     0    41 
   25     9    15    20    47    45    44     1    46     9    49     8    25    26    30    26    17     7    30    17     2    24    47    15    50    11    28     8    19    29    36     4    36    16    14     3    35    30    17    41    17     1    12     5     2    23     7    25    16     1     1    21    31    45     0    22    45     2    37    15 
   10     9    13     0    10    39    49    37    16     0    27    23    18    47    10     1    10    11    41    29    23    33    23    33     7    12    21     0    21    22    21    38     9     0    41    31    26     9    10    29    50    48    39    49    11    49    42    17    10    31    42    15     1    27     8     0    10    22    44     1 
   44    14    44    20    40     3     6    31    10    14    47    33    35     5     2    41     3    24    50     0    37    46    45    39    42    14    30    23    24    45    40    25    36    29    28    32    48    39    30    18    31    47    28     5     1    25    30    21    32     9    30    19    30    50    12    42     0    38     7    42 
   48    34    24    13    16    14    38     3    15    46    26    50    15    17     6    15    23    25     4    16    21    44    37    25    11    21    44    27    16    30     5    21    44    41    31    10    29    14    33    12    23     2    41    21    21    34    35    29    21    20    14    44    36    45    23    47    28     0    13    23 
   39    44    44    21    43    49    12    39    37    44     4    41    44    28    29     8    33    46    30    15     0    11    25    25    50    39    43    47    41    32    24    25    32    23     5    17    13    45    27    36    43    39    37    34    16    16    37     2     7    13    36     7     0    45    37     6    30     8     0    19 
   13    49    22    10    45     7    23    34    32    37    18    26    16    12    19    43    47    17    36     7     6    38    28     3     6     6    32    16    37    23    22    23     9    31    16    30    37    49     6    36    19    22     0     2     4    11    25     0    33    43     7     5    44    33    50    17    36    23    28     0 
