60

   63    84    62   145    77   126   128   123   101   103    60   111    51   143   142    56    62    75    81    63   113   136   121    60   131    68    66    62   124    87    51    73   115   145    77    89   139    68   141    58   112    89   103    52   133   145    56    67   146   144    57   119   144   103    91   112    98   110   109   144 
 3515  2277  2364  2070  2151  3329  2262  2073  3242  3461  2429  1998  3523  2866  1981  1950  2011  2247  1935  2597  2821  2369  2216  2562  2995  3274  3531  2293  2728  3519  2212  2922  3538  1984  1951  2569  2412  2112  2525  2350  3020  2186  2944  2044  2954  2288  3123  2961  2414  2301  2352  2548  3079  1973  2057  2541  2848  2083  2129  3219 
    2     1     9     8     2     0     2     1     9     8     5     1     1     5     2     1     4     3     1     4     6     9     7    10     6     0     8     3     5    10     4     5     3     3     4     6     7     9     5     9    10     6     9     4     5     0    10     1     4     9     3     6     6     2     1     1     9     4     0     1 

   46     0    26    50     5    18     9    11    36    34     9    43    45    21    27     8    25    39    45    21    35    24     1     4    37    10     0    46    43    44    38     6     0    33    47    21    45    13    45    44    42    35    48     7    32    17    43    32    17    40    11    48    30    14    20    50    18    44    28    18 
    0    20    50     4    28    24    37    10    22    18     0    10    48    44    17    42    28    31    36    17    20    27     9    47    34     9    25    24    10    13    40    36    50    15    37    28    19     4    34    10    45     3    42    34    45    38     5    22    18    12    44    28    15    30    24     5    19    14    19    27 
   28     0    37    48    18    34    16    44    44     0     3    23    28    25    33    18     8    26    15     0    25     7    50    28     1    39     2    49    20    39    32    30    49    23    36    20    18     8    10     9    50    33    49     5    41    47    44    18    24    43    23    17    21     7    12    10     6    43    15    26 
   11    31     0    32    37    39    42     3     9    21    19    20    42    19    32    49    41    39     0    27    12    36    33    50    28    16    22    42    23     7     0    15    36    26    39    23    18     2    28    49     7    37    43    29    39     6     9    36    23    47    21    42     6    48     5     1    16    12     8     5 
   28    19    14     0    23    45    27    50    12    49    11    48    39    46     3    44    43    41    26    17    50    40    34    33    34    23    16    30    32    41    32    46    30    41    20    42    26    18    37     6    46    38     8    24    12    41     6    24    40    35    18    17    41    43    23    35    32    39    13    44 
   22     6     7     1     0     7    12    33    12    24    50    32    23    13     0    50    13    17    47    20    45    45     4    12    46     6    33    19    28     5    31     3    48    21    33    19    40    28    42    35    34    47     1    18    20    41    37    28    46    23    14    24    31    34    15    32    41    24    28    32 
   23    33    25    23    17     0    17    34    46     5    39    25     0    29    50     7    38    18    37    48    26     1     5     5     9    47    28    47    37    46    17    41    26    47    19    34    33    32     2    31    35    14    44    36    48    26    31     6    37    27    18    13    41    43     7     9    18    50    49     0 
    6    36    27    22    46    16     0    47     7    36    16    10    30    36     5    33    33    13    11     8    49     4     9    47    31    29     7    12    16    24    11    33    11    28     8    46    22    49    13    22    44    28     7    15    44    34    11    12     9     8    13    22    34    19     1    35     8     3     5    26 
   50    26    50    14    41    29    49     0    46    49    41    32    12     3     3    42    34    43    39    50     2     6    46    47    30    23    18    39    25    16    16    29    50    29    45     6    36    34     9    24    34    44    46    14    31    18    17    45    29    45     1    45    36    33    31    16    19    15    34    25 
   35    43     4     0    49    22    11     7     0    50    33    21    26    32    49    11     8    29    49     5    15    47    50     9    17    17    24    15    20    10    20    20    35    38    47    19    44     9    42    43    15    48    24    36    29     3     2    18    14    21    40     9    12    34    48    50    37    41    28    22 
   19     0    45    15    33     7    24    20    30     0    44     8     5     7     4    47     2    14    29     2    22    10     7     9     8    40     3    47    39    18    10     1    37    49    46     7    14    22    15    40    26    49     6    21    46    39    24     6    48    48    16     6    14     7    14    16    37    35    17    29 
   18     0     2    42    48    28    26    29     1     7     0    14    14    39    47     4    19    41     1    48     1    39    22    41    20     5    21     8    30    39    19    26    37    24     5    16    33    33    30    26    17     5     1    17    22    22     0    14    39    43    27    11    26    42    33    49    38    26    16     1 
   43    20    47    46    17    50    17     6    28    15    14     0     6    27    12    50    23    44    32    42    38    50    26    36    16    16     9    35     3     2    24    35    42    34     5    18    43    16     4     9     2    32    32     3    31    14    37    39    33    26    40    20    18    30    48    11    19     2     9    30 
   26     5     2    28    24    15    33    44    46    48     2    44     0    15    43    11    11    24    11     5    16    15     2    27    15     1    27    10    48     0    26    44    37    11    43     0    26    33     2    31     3    34    24    23     8    50    26    10    31    23    27    33    34    19     5     5    43    20    34    37 
   34     3     1    21    31    45    49    42     1    36    25    40    17     0    22    27    28    49    34     5    50    17    39    24    29    10     5    19    38    40    18    34     9    23     2    10    16    42    25    25    14     2    38    48    44    39     4    30    36    16     1    33    32    47     6    38     5     5    11     1 
   40    17    12    10    49    29     0    41    15    47    21    48    48    26     0    41    22    41    41    47     6    37    12    41     4    32    15     2    49    10    25    11    10    17     0     1    31    41    45    41    34    17    17    45    47    15    22     4    38    40    32    30     4    11    47    33    50    26    36    47 
   22    21    48    10    46    38    48    33    46     6    49    24     1    13     7     0    26    43    35     8     8    24     0     9     1    26    28    16    19    27    30    46    22     8    36    18    23    35     9    36    44    19    35    29    47    30    34    21    16    46    17    25    14    14    49    24    27    48    21     1 
   47     8    15    48    35    32     3     0    41    42     4    20     0    23    49    29     0    15    10    47    40    22    11    49    21    34    26     4    23    34    10    26    30     4    28    32     9    41    18    19    26     7     1    21     0    27     2    42    23    27    36    15    23    19    31    45    48     4    26    22 
   31    40    36    32    18    32    43    13    37    14    41    17    48    37    12    44    25     0     4    22    33     3    26    10    17    45    41    20     8    14    18    15    25    10    29    38    48    22    11     3     3    28    29    11     9     9    32    20    37     4    13    27    37     8    47     8     3    37    13    46 
   13     5     3    48     5    13    13    35    29    22     0    16    29     4    38    27    32     1     0    35    18    28    16    35    20    49     5    30     0     0    32     9    18    16    17    23    37     0    30    30    49    50    45    50    30    50    33     4    15    11     7    30     3     3     4    43    36    50    12    49 
    1    13    18    33    29    22    31    27    28    50    20    12     0    26    17    44    31    11     8     0    42    45    29    38     6     7    32     3    47    21    50     9    23    15     7     7    29    32    25    19    33    43    50    26     6    38    44    17    12    15    10    29    16    32    10    50    16    10    39    35 
   34    34    32    18    22    47    36    25    39    27    24    24    25    17    16    37    34    23    32    21     0    34    39     2     7    21     1    30    43    30     2    43    15     1     1    46    15    30    25    22    47    46    15     2    21    38     5    50    36    15    49    47    50    13    17     7    50    26     2    35 
   37     5    19    37    44     3    42    23    44    23    45     1    24    46     5    14    18    41    12    13    38     0    42    32    21    21    49    42    34    11    16    46     1     1     6     5    28    26    29    42    18     5     6    20    39    44    48    21     9     0    48    24     0    16    28    17     1    26    33    30 
    1    38    14    24    24    19    34    38    31    14     4    43     3    17    44    29     6    26    50    48    10    47     0    22    32    15    46    48     2    19     0    29    33    34    34    10     8    10    20    18    13    28    15    31    48    46    27    46    14    15    21    18    14    26    15    38    31    20    46    12 
    2     8    44    47    47    27     6    12    13    37    18    21    11    46     2    48    27    41    12    12    19    37    28     0    33    18    47    41    12    26     5    13    49     4    48    26     4    28    46    37    47    10    18    34     6    31    21    49    15    28    16    15    33    40    30    27     6    32    16    26 
   34    27    15    33    37    14    42    10     6    50    43    32    10     1     5     0    26    18    20    37    31    34     8    38     0    36    33    45    31    46    25    10    46    28    25    20    22     4     6    28    39    26     4    19    33    31     8    41    14    50    24    34     9    23    12     9    27    31    25    11 
   22    40     3    19     2     5    45    10    30    24    15     9    18    47    45     9    14    44    40    41    15     7    28     0     6     0    23    11     9    44    12    28     7    13    18    31     9     8    38    37    47    47    39    48    36    38     2    34    39    29     7    36    27    46     8    33     3    13    24     7 
   17    41    44    17     8    22    29    13    16    11    15    39    39    41     6    18    47    38    38    22     2     4     8     7     6    19     0    26    42    26    46    31    43    40     8    45    46    11    32    12    30    14    32    29    10    40    37    45    34    28    25    12    42    49    25    18    39    16    42    38 
   50     7    25    43    12    24    13    48    33    50    16    30    48    19    22    50    25    25    12    27    46    14    21    35    20    23    42     0    13    10    33     6    45    39    49    25    41    40    26     8    42    21    14    39    15    44    14    49     8    23    48     4    15    37     5    10    19    10    38    46 
   30    49    34     3    19    41    45    41    26    49     4    48     7     8    36    31    20    28     1    19    16    20    37    20    38    33     4    15     0    50    41    21    23    30     5    24     8    50    46    19    37     2    42     6     4    34    35    47    48    29    15    32    22    16    19    14    40     8    46    47 
   19     7    25    35    29    18    13    11     2     2     3    45    14    42    42    46    12    22    38    11     5    30    47     6    39    26    15    43    16     0     6    44    24    35    18    31     4    33    25    12    45    49    34     1    35    49    26    34    42     5    23    23    21    24     5    26     2    12    37    50 
   43    16     3    26    13    14     7     0    15    11    50    32     0    40    10    27    20    50    39    26    32    20    31     2    39    43    50    30    48     4     0    13    21    11    24    15    14    13    40    27    47    34    20    28    19     3    33    26     9    21    35    32    25    44    48    43     3    40    33    20 
   18    42    13    47    41     8    15    30    31    38    24    19    49    34    44    13    37     3    47    16    28    24    40    14    38    16     5     8    45    22     5     0     3    18     8    15     0    12    15    44    32    48    11     1    42     8    44    17    19    46    36     5     5    36     3    47    24    29    26    18 
   38    26    27    28    18    10    47    22     1    38    50     3     0    13    12     6    41    32    38     6    11    36    49    13     2     7    45    10    36    20    32    34     0    18    14    21     4     6    43     0    35    29     7    30    49    23    34    44    46    30     4    37     1    32    18    31     0    32    32    19 
   31    41    25     9    30     6    19    14    22    26    35    20    12    11    21    18    17    38    44    28    39    19    29    40    26    50     6     9    47    10     0    23    36     0    32    18    32    29     4    20    12    37    37     1     3    40     5    26    33    33    31    24    42     3    20     0    26    32    19    15 
    9    21    45     7    17     3    45    23    37     0    50    14     0    11    36    14    14    40    26     5     7    43    36    27    27    21    32    15    14    38    26    33     6     2     0    40    17    46     4    36    11     0    23    31    36     1     0     0     7    11    27    33    37    47    38     3    42    46    28     2 
   15     4    23    16     7    20    26    18    13    43    13    41     6    45    34    18    23    14    36    44    23     0    22    42    43    22    46    44    26    44    30    17    36     3    37     0    18    40    25    18    31     2     8    35    40    26    45    23     9    41     3    41    37    12    42    22    43    28    38    18 
   34     0    37    22    48    35    29    23    32     2    34    35    10    43    49    27    17    17    23     6    44    17    38    25    40    37    12    27    50    25    23     4    33    25    15    15     0    48    21    47    40     8    42    37    32     0     2     6    14    40    45    42    12    29    23    19     6    44    43    12 
   50    22     2    16    27    17    23    30    49    41     6    30     5    15    27    23    24    12    12    20     6    22    27    15    28    29    10    22    30    10    15     0     8    22    10     7    48     0    44    38    13    18     8    33    13     3     8    46    30    27    49    27     3    40    15    36    45    27    41     0 
   20    14    32    41    23    40    12     7     0    46    39    47    22    12    11    22     7     7    46     7    31    22    45    32    22     9    27     2    31    31    15    50    25     2    44    17    24    31     0    25    18    16    28    10    10     8     7    13     4    35    41    50    38    22    20     6    36    41    16    45 
   27    46    43    18    40    23    33     7    26    18    40    15    44    48    17     7    16    44    23    31    15    39    14     7    24    45    36    40    28    35     1     7    19    46     5    29    48    14    34     0    12    43    32     0     7    15    49    21     7     1    19    20    34    32    10    18    19     8    10    23 
   30     4    31    40     6    32    32    37    37    26     3    30    42    44    43     9     7    23    36    43    23    38    32    32    25    14    36    46    28    17     5    36    23    26    12    32    42     2    27    32     0    20    14    29    47    48    17    32     6    26    42     6    14     9    22    34     9    47     3    22 
    7     3    40    21     9     9    22    45    20    43    15    31    25    42    15     2    14    27    10    37    14    37    12     2    21    31    21    26    30    30    24    11    43    42    50    38    38    37    13    48    32     0    21    41    44    43    37     3     4    20     0    45    49    40    15    42    10    46    19    17 
   25     6    17     8    34    37    21    13    32     0    48     1    22    39    38    25    20    15    14    37     1    43    27    27     2    41    49     9     3    42    16    12    40    30    13     0    46    36    37    10    11    43     0     6    32    12    14    18     9    24    24    26    46    43     7    16    40    10    38     2 
   39    24     4     3    46    25    49    31     5    39    47    14    10     4    16     8    26     2     8    38    13    45    46    12     6    44    47     4    41    36    26    10    31    30    44     8    17    32    35     1    25    49    36     0    11    41    32    37    33     2    43    17    39    49    49     5    48    50    19     8 
   46     9    28    23     6    45    23    44     4    12    25    28     6    36     4    40     3    17    11     3    14    18    26    31    22    40    49    48    21    38    39    23     1    12    27    36    32    31     1    23    45    46     3    16     0    43    26    13    43    15    20    12    44    25    10     5    43    12    28    48 
   29    32    48    13    13     0    50    44     1    11     6    36    46     8    38    28    27    27    49    25     5    34     0    42    33    41    40     3    48    22    48    43    43     5    18    44    25    42     9    33    15     6    13     6     5     0    22    42    28     4    13    42    49    12    29    32    41    35    16    15 
   24    37    15    48    50    48     5     3    40     3     5    44     3    42    37     1    43    17    19    24     9    14     6     2    50    17    26    41     5     0    18    48    28    32     5    26     4    45    44    43     7    33     9    26    49    15     0    29    40     5    15    36    42    42     6    31    46    40    39    28 
   45    11    32    30    42     8     9    33    49    15    12    26     7    20    12    38    32    46    14     5    27     9    24    49    21     9    41    48    30    20    19    23    37     4    40    19    49    34    37    36    47    40    22    19    37    38    39     0    43    39     1    18    35     6    15    47    24    44    49     4 
   14     3    46    33    46    46    28    48    44    40     3    26    29    13    26    49    24    50    21    46    17    20    25    13    10     3     5    21    30    13    50    10    49    22    21    11    33    50     5    36     8    39    23    13    30    16     6    41     0    15    33    34    30    44    10    11    21    24    47    22 
   32     4    48    28    13    18     2    37     5     0    23    45    30    11    32    20    43    12    22     3    40    33     3     5     7    33    48    46    44     7     3    34    22     2    10    38    13     5    32    32    30    36    12    28    40    41    26    27    49     0    21     8    30    42    50    50    12    36    42    36 
   11    23    30    19    47    21    38    50    14     1    28     2    15    12    29    41     6    39    45    32    16     4     4     8    48    20    24    22    25    11    41    45     4    40    25     7    41    12    35    31    21    27    39    48    25     6    27    45    46    25     0    11    15    31    40    39    19    42    41    42 
   14    32    21    16    47     1    28    19    44    28     0    40    18    39    11     2    43     4    20    37    44    36    19    19    38    10    25     1    35    14    36     8     1    30    22     6    36    16    11     7    14    32    48    45    13    10    32    13     8    11    15     0    48    38    20    21    42    39    40    17 
    0    15    30    40     8     8    29    41    35     7    40    45    17    41    35     8    19    22    43    14    38    20     1    16    10    29    11    32    13     8    32     8    19    35    24    35    39    31     0     4    33     6    41    15     5    50    31     2    45    17     6    41     0    32    27    50    12    30    30    36 
   20    37    42    21    32    22    13     8    24    45    32    16     7     1    31    48    24    23    46    16    37    26     1    37    16     2    32    31    17    26    12    25    24    20    13    31    42    45     9    31    35     9    33    37    21    38    20     8    46    21    11    10    22     0    32    16    44    37    29     4 
    5     9    30    15    26    42    38    50    30    28     4    24    29    48     6    34    36    17    45    47     4    10    22    23     9    50    19    43    21     3    10    47    22    41     6    40     9    11    13    20    15    28    30    17    12    42    41    49    10    24    49    14    43    10     0     8    42     6    19    37 
   23    26    39    36    13    31    15    34    43    23    12    15    25    48     0    17    10     7     3    21    50    14     6    15    30    48    50    47    42    24    13    41     5    29    24    50    19    21    48    14    13    37    45    47    39    30    44    25    44    45    49    18    42    14    46     0    20    43    20    27 
    6    36    50    34    17    39    10    38    27    11    23    34    38     8    45    15    45    41    39    23    39    41    13    47    32    29    49    27    36    21    49    28    20    23    29    26    44     4    15    14     1    29    33    50     0    24    26     8     9    45    16    46    19    50    16    45     0    42    15    39 
   18    18    38    44     4     8    26    42    26    33    22    40    50    33     4    32    49    34    46     2    30    29    21    32    47    36    12    49    26    10    14    34     0    23    42    30     7    36    22    23     4    42    32    27    28    12    31    35    46    35    31    38     9    44    43     9    12     0     4    13 
   46    44    44     1    11    11    42    38    16     0     8    19    14     8    33     6    49     7    46    12    50     6     7    10    24     9     3    37    43     6     4     8    22    24    37    49    28     8    45    38    27     1    25    50    47    11    42    33    28    40    47    17    33     7    31    21    16     1     0    50 
   22    37    41    23    46    42    31     6    34    35    33    32    18    50    43    39    40     6    23    30    32    44    43    21     9    25     8    11    14    41     4    37    26    35    41    44     9    44    24    47    39    32    47     9     5    15     2     5    49    16     8     6    26    48    20    45     1    45     1     0 
