60

   61    82   136    51    92   140    80   104    83    74    59   125    84   114    87    95    62    54   107   119   131   132   127    57    83    56    86   127   128   109   119   130   121    75    92   130    96   117    70    75   105    97   148    70    78   121   116   112    60   130    65   149   145    74    81   119   102    75   115    52 
 2542  2321  3009  2250  3111  2497  2664  2537  3352  2211  2417  2326  2318  2303  2291  2188  2839  2183  3363  1943  2636  2295  3299  3117  2504  2358  3452  3136  3079  3450  3381  3251  3178  3281  2463  2549  3459  2974  2589  2470  2045  2104  2068  2350  2719  2951  2042  2065  2980  2614  3476  3137  2429  2658  2632  2463  2010  3013  2629  1994 
    2     5     3     1     8     7     1     6     1     2     8     5     1     1     1     9     3     9     6     1     2     9     8     1     3     0     6     6     3     7     0     3     0     1    10     6     7     5     0     9     2     6     5     7     0    10     6     3     4     2     2     3     2     8     4     9    10     5     4     5 

   36    40    11     0    19     6    34    30    14    42    40    25    18    41     0    18    47     0    12    42    35    41    42    24    17    36     6     6    30    19    27    30    18    26    27     4    10     7    49     1    14    11    35    43    24     3    21    46    36    23    31    10    49    36    39    31     7    35    31    10 
    0    23    38    31    19    33    21    29    40    35    49     5    31    41    39    24     7    28    14    16     0     7    20    40    49    13    10    20    28    28    41    18     4    45    20     6     5    25    47    29    22    50    46    41    43    11    15    19     5    22     0    41    15    46    23    21    13    23    34    13 
   45     0     9    26    27    32    23    37    30     9    39    10     0     2    37    35    34    10    41    11     0     6    22    25     5    32    46     5    44     3    29    50    37    50    15    20     3    31    23    46     0    20    22    17    47    26     1    28    46    34    46    37    20    50     5    19    21    11     9    38 
   48    22     0    30    12    20     0     1    19    42    26    32    19    26    40     2    24    22    46    24    34    47    38     2    35    44    18    28    10    48    46    25    20    41    14     7    37    49    33    33    13    41    22    30    35    25    30    17    49    44    16    25    29    50    38    16     4     4    43     0 
   40    29    33     0    35    36    43     6    27    38    29    46    44    50    49    49    35    12     7    16    39    36    16    42     9    17    15    16    23     1    39     7    37    35    34    39     8    42    25    41    13    48    11     2    38    25    16    19    27    39    36    13     6    20    14    42    23     6     2     7 
    6    25    49    29     0    40    38    49    15     2    23    31    37    26    27     2     5    40    22     2    45     7     7    49    34    12    41     5    48    25    25    40    43    11    45    24    11    15     3    43    23    39     0    15    49    38    49    14    17    35    22    47    30    33     7    39    17     6    43    28 
   16    28    19    18    19     0     4     6    22    32    18    43    38    32    13    16     9    31     8    36    25    43    21    38     5    49    29    11    16    32    10    33    15    25    31    32    15    50     1    34     6     3    41    21    35    27    18    22    31    49    26    18    34    17    43    46    38    24    14    47 
    8    50    23    16    43     5     0    21    45    31    31    18    13     4    23    15    29    30    48    41     5    44    29    42    32    48    43    38    47    29     1    49    40    11    41    14     7    21    12    39    11    17     9    38    29    49    34    29    27    42    23    31     3     3    20     3     7    10    27    44 
   50    26    39    29    10    47    10     0    33    47     0     5    48     7    29    50    13    28    26     5    47    19     9    18     9    17     8    35    30    36    38    44     2    36    10    13    12    16    45    21    38    49    15     0    12     0    22    45    12    16    34    45     9    44    22    42    35     7    48    14 
   13    22    46    25    14    27     8     9     0    23    28    39    28     9    21     6    45    23    15     5    22    41    46    18     2    35    45    21    32    10    18    46    10    36    25    49    20    39    49     7    22    47     3    42    37     1    48    18    44     9    32     4    38    45    50    29    34     9    49    10 
   44    27    14    29    13    15    29    43    18     0    44     2    47    16     0     0    34    33    47     8    38    50    49    12     1    15    35    30    22     7    17     8    49    32     9     8    45    43     3     8     5     7    19     4    19    20     3     8    43    30    24    41    36    48    14    44    32    34    42    23 
   22    44    45    14     7    10    35    31    19    23     0    20    50     5     3    24    48    24     9    37    18    44    20    19     1    37    24    40    33    46     3    20    38    11    46     5    17    20    32     5    40    29    50    16     8    48    45    29    35    23    48    46    33    23    42    40    24    22    19    37 
   24    49    48    39    17    36    50    19    48    49     5     0    25    23    28     0    41     8    11    33    43    48    15    42    17    39    25    13     7    25    15    32    24    45     4    27    27    27     2    30    17    11    23     9    10    40    38    38     3     8    39    31    21    20    25    31    17    25    22    20 
   47    39    42    19    46    15    33    47    41    23    39    45     0    31    28    45    24    36    11     7    17    41    18    11    20    40    26    40    43    31    40    19     7    15    26     2    27    31     1    46     9    25    21     5    45    50    11    24    40    36    12    38    39    18    35    39    50    12    43    24 
   46    12    26    29     0    26    34    35    23    14    48     6    26     0    48     4     7    50    47    45     0    35    13    33    49    25    39     5    21    38    32    22    14    15    13    19    46    48    30    33    39    23     8     3     8     7    14    49    11    15    49    41    15    37    45    44    46    48    32     6 
    8    21    36    45    39    40    37    23    42     2    25    29     5     2     0    32     2    24    26    40     7    45    27    18    27    23    14     5    27     7     2     7    36    18    24    22    22     6    34    13    31    22    35    26    45    41    32    29    47    29     9    40    39     4    25    42    50    36    14    44 
    2    42    27    21    50     8    26    24     6     1     9    24     4    19    49     0     7     0    44    12     4     0    11    48    41     5    29    25     6    47    21     4    43    14    26    47     4    44    35    17    19    28    27    16    42    19    31    37    41    31    10     2    43     5    48    38    40     7    34    44 
   34    16     0     1    42    50    38    44    43     1     2    20     3    26    37    23     0    41    38    36    47     2    48    37    45     1    45    11    17    45    26    37    10    37    30    30    30     8    31    26    12     1     1    22    39     6    35    44     9    14    23    17     9    35    29    14     3     7    29    15 
   35    31    44    11    12    41    20    23    14    27    12     2    39    47    40    21    15     0    12    10    12     5    16     9    18    14    49    20    40     3     6     1    45    15    31    34     2    20    11    24    36    27    50    39    20    24    35    12    21    50    41     1    16    32    21    31    35    15    18    25 
    7     2    44    26    17    38    46    49    17    13    11    26    30    26     7    23     8    18     0    29    28    25    37    28    45    21     3    47    33    25     1    31    45    16     0    36    42    33    15     0    38    10    30    19     1    14    28     1    22    47    38    15     5    49     7    12    26    23    35     2 
   24    13    43    25    35    45     4     4    14    33    41    39    15     9    44     2     1    27     8     0     9    17     6     5     1    46    27    15     2     6    46     9    15     7    46    22    46    34    44    48    44    10    22    31     9    11    12    18    32    47    25    30    42    46    16     8     1    12    26    30 
   12    35    10    30    43     5     9    48    39     4    30    12    16    30    24    12    46    33     4     6     0    19    22    23    48    28    30    43    27    47    32    24    20     9    35    39    25    18    23    39    45     3    29    16    35    23    17    39    22     0    47    34    46    23    26    45    18    27     6    16 
   13    30    40    39    48    44    49    20    49    34    17     1    12    26     7    46    32    14    39    42    14     0    30    31     8    36     2    15    35    23    21    22    31    23    19    44    34    49     1    24    20    50    45    44    26    12    32    43    31    48    20     9    35    32    37    19    44    35    34    47 
   33    35     6    30    24    43     6    10    34    36     4    33    18    21    38    14    49     9     5    39     3    20     0    47    44    41    21    45    17     9    36    23    39    17    28     1     9    23    11    42    14    17    42    44     3    14     0    27     4     7     1     4    24    13    47    38    38    33     6    17 
   35     1     4     9    27    43    25    34    10    35    37    32    14    49    49    46    38     4    41     2    40    24    42     0     0    19    46    28    21    47    37    33    21    24    41    45    19    43    23    23    43    16     1    19    10     9    12     3    21    23     5    46     2    22    29     6    48    33    28    50 
    2    41    36    22     1    37    11     2    45    27     1    49    48    49    24     4    35     8    30     2    36    23    15    45     0    41    12    43    21    18     4    23    40    34    29     6    41    14    11    22    29     8    18    13    47    24     5    17    49     7    16    44    18     4    49    21    48    43    10    38 
   27    49    15    46    27    32    44    15    34    22    15    46    43    27    44    47    41     7    35    50    32    45    47    34    34     0    45    44     2    34     2    11    18     4    12    41    18    38    11    30     6     3    12    16    29    44     6    40    27     8    14     0    25    12    25    27     1    46    35     0 
   48    19    48    33    39     5     9    47    37    34    38    11    38    12    29    27    24    47    38    33    29    16    32    29    42    19     0    45    17    19    47    21    29    17    39     0    25    43    12    44    36     5    49    15    37    26    34    22    17    39    26    24    50    18    14    43    39    17    35    13 
    9    32    14    15    40    50     1    22    24    13    48    34    16    34    23    27     1    26    30    40    25     9    16     3     2    14    29     0     9     9    30     0     5     2    29    40    18    37    27    14    49    20    13    15    12    48    28    26    17    25    39    46    25     9    33    10    23    16    25    24 
   38    45    18    16    32    25    41    42    43    34    37     7    49    39    32     9     8    19    43    50    39    13    18    42     6    20     0     2     0    28     6     1    21     6    43    27     6    32    29     8     0    20    17    24    16    36    24    35     1    33    36    27    46    47    25    32    26    43    19    26 
    7     0    33    38     9     9    16    20    27     1    33    38    40     2    35    42    14     2     0    16     5    44     3     9    11     2    27    44    24     0    24     0    12    25    12    17    42    27     1    15    24    35     9    14    40    50    12    31     0    22    30    11    16     0    28     0     1    37    19     6 
   34    34    30    35    41    43    40    47     6    30     2    40     4    15    40    43    27    42    13     3    41     7     1    12    34    14    14    37    38    38     0    23    16    17    42    21     4     2    44    47     1    25     0    44    28    22    23    38    21    37     2    19    21    36    24    36    49    29     1    36 
   49    10    22    43    14    10    23    41    26    19     7     0     9     3    35    10     4     6    16    30    22    20    36    29     1     0    41    15    13    19    23     0    37    17     8    18    29    11     5     5    24    44     5     6    24     8     5    10    22    22    31    39     1    19    20    43    49    46    13     1 
   34    23    49     9    33    29     0    46    12    13     0    47    29    25    26    31    15    46     3    11    38     7    31    28     8    11    23    15    36     5    20    42     0    38    24    14     1    37     1     2    29    18    30    39     7    11    48    44    17     4    37    29    17    14    10    36    42     1     0     7 
   33    19     7    40    27    42    13    48    14    40    45    42     2    32    31    26    33    37    23    45    15    14    32    22    49    43     5    40    41     2    13    20    22     0    46    10    49    19    12     6    24    45    32    33    24    44    37    19    41    17    28     4    44    49    21    18    22    17    36    25 
   48    34    29    42    33    12    22    34     2    35    41     9    30    27     0    47    20    24     5    21    23    42    17    16    43    10    34    26    48    50     3    35    12    48     0    32     0     5    42    24    34    15    15     6    38    42    27    33    33    44     7    46    36     1    31    35    33    49    16    28 
    9     5    18    25    24    15    28    23    46    43    12    33    11    36    50     0     8     9    19    11    37    41    40    25    31     2    13    19     1     7    49    49    50    29    39     0    36    36    20    22    34     0     2    30     0    17     5    50    48     9    30    22    15     3     8    40    21    37    25     7 
   43    44    18    43    44    36    47     9    28    26    49    26     9     9    47    45     9    24    31    20    11    16    48    11     5    42    39    29    29    42    46     0    34    35    10    22     0    28     1    29    20    29    48    30    37    27    22    43     1     8    48    19    49    15    44    44    16    36    12    17 
   21    11    13    26     0    26    21     8     5    33    24     0     0    26     0    46    42    32     8    14    28    30     8    37    30    29    18    42     7     0    41    30    14    47    39    36    45     0    36     6    45    14    41    32     5    18    49    42    41     9    25    43    46    38    44     9     7    42    30    26 
   43    30     9     8    19    14    28    35    18    16     1     6    49     4    15    30    32    42    36     8     3    46    26    42    19    39    19     9    10     9    30    17    44    21    13     6    33    25     0    37     1     2     6    26    17    34    15     3    28    46     5    13     5     4     9    19    50     6    18    24 
    2    17    15    29    23     2    29    40    31    13    19     1    45    28    17    40    19    20    32     5     5    16    49    32    28    50    46     6    20     9     1     1    48    39    41    35    44    27    49     0     0    22    31    22    39    18     8    25    48     5     5     6    17     1    38    33    34    15    23    19 
   25    12    45    19    38    13    45    25    33    30    28     8    19    14    16    16    25    19     3    24    44    39    45    44    50    29    26    24     2    16    49    31    48    24     6     0    21    33    26    37     0    34    40    50    21    39    50    29     6    38    49     6    49    28    38     9     2    49    30     0 
    3    29     8    11    46    46    10    39    13    28    17    22    39    22     0    17    47    20    22    24    24    13    29    48    32    29    10    46    39    25     5    15    14    26    12     6    17    16    43    48    20     0     7     6    12     1    49    33    47    31    47    15    40    50    19     9    10    34    44    47 
   18    31    48    17    27    37    19    35     4     2    39     3    15    44     9    17    33     8    46    45    30    27    22    23    42     6     9     3    33    24    16    18    49    32    48    23    38     2    42     0    50    49     0    43     4    38    48     3    16    25    45    41    47    17    48     5     2    39    22    31 
   39     4    21     5    18    31    39    49    17     5    46    28    34    17    36    31    48    25    29    48    10    27    16    50    44     0    33    35    34    15    12    47     7    32    45     4    30     5    35    50    23    39    45     0     5     1    42    11    16    34    15    14    22    44    48    43     6    36     7    12 
    1    27    47     7     2    29    11    49    16     4     4    35    46    34    19    32    28    23    33    12    25    46    44    47     3    49    44     5    31    44    14    27    14    21     8    15    45    38    40    44    41    38     9    32     0     0    28    46    28    45    15    48     3    28    13    13     7    11    44     6 
    5    19     3    11    22    18    16    50     2    28    19    44    17    39     6    38    38    20    25    21    22     9    36    46    32     1     6     7     9    28    27    12     0    29    35    33    12    40    28    38    49     5    21    39     5     0    43    10    31    24    19    36    49    42     6     6    48    40    12    12 
   24     2    35    31     6     9    29    46    20     6     9    40     9    20    30    37    38     3    48    11    18    22    29    26    42    16    34    13    38    24    28    40     4    28     5    43    37    23     8    16    19     7    30    39    49     5     0    47    41     7    12     0    42    49    27    41     9    31    50    25 
   11    38    34    37    27     7    43    19    26     4    45     1    31     6    11    42    23    29     9    29    11    41     1    21    34    21    38    40     9    23    47     5    45     6    14    47    42    39    38    35     5    46    46     4    37     1    49     0    10    41    13     7    41    23    46     6    35    15    38    42 
   30    25    18    17    10    31    48    34    37     2     8     0    38    38    23    23    38    11    14    42     5    49    24    37    22    16    46    38    42     1    44     9    14    39    28    50    49    34     5    14     9    20    20    43    14    43     9     8     0    11    25    16    43     8    43     8    47     7     7    18 
   44    30    19    35     5    21    34    25    11    38    49    15    50    47    32     2    20    33    38    24    31    38    40     2    25    22    40    19     5    31    50    11    38    18     0    27     9     3    18    41    20    50     8    26     0    12    19    41    16     0     1    45    22    25    49    19    22     0    23    39 
    5    11    23    35    34     4     5    14    31     1     1    21    29     0    48     3     3     0     0    45     5    22    18     0    29    24    32    40    14    14     9    47    26    14    17     4    20    41    19    18    25    18    41    17    38    25    19     6    25    40     0    27    29    36    19    13    35    46    47     1 
   41    44     0    43    17    35    30    33    21    42     6    10    18    42    50    27    29    13    26    27    21     9    23    50    43     5    43     3    35    35    35    16    24    23     1     8    23    22    28    19    33    33    15    17    11    48    18    35    27     2    18     0    47    22    18    29    12     1     4    39 
    0    35    28    45    47    43    11    48     0    24    15     1     3    40     6    37    29    36     0     6    15    24    33     0     0    29    12    36    43    29     6    38     2     7    20     5     2    44    34    34    19    38    15    26     5    21    42    30    44    29    29     8     0    11    30    43    12    10    17     1 
   23    25     8    39    43    40    22    50     6    16    21    20    13    21     9    31     6    49     0    27    21    16    47    12     6    10    21    35     1    49    42    27    43     7    22    25    49     0    16    43    45     4    10    50    23     2    24    23     6    49     6     7    15     0     0    19     1     5    33    26 
   30     2    32    46    10     7    43    14    36    45    31    42    47    32     3    33    29    38    34     7    49    25    15    25    15    30     5    22    20    49    37    31    41    29    41    28    19    28    26     1    30    34    37    24    50     3    16    42    29    39    38    31    36     2     0    16    11    48    14     4 
   28    10    37    20    17    41    35    33     4    12    30    40     3    35    38     3    17     6    32    31     1    48    32    26    19     3    22     5    48     6    40     3    26     4    16    18    39    48    46    25    42    37    11    43    28    11    31    22     4    42    46    36    31    38    22     0    33     3    36    34 
   40    23    47     4    33    45    11     4    30    14    15    38    10    31     5    44     7    27     4    46    43    19     3    20    50    26     1    23    24    25    14    49    11    23     2     2    26    47    28    11    30    21    21    35    15    17    27    20    37    46    28    36    47    21     7    15     0    31    10     6 
   17    46    28    49    45    20    50    32    32     2     2    24    32    42     9    18    24    42    13    18    26    10    32    46    14    28    20    43     5    39    20     2    19    10    13     8    25     6     2    11    21    36    33     3     1    28    33     6    29    12     5    14    12    37     4     7    38     0    19    43 
   12    49    15     4     9    45    28    29    14    29    21    38     6    50    12    26     7    46    49    18    48    30    19    38    41    38    21    19    30     6    38    49    40    36    15    13    50     1    45    18    21    20    35    24    20     5    45    45    20    15    26     9    20     2    43    32    41     4     0    19 
   48    32    50    30    31    19    18    24    14     1    27    44    27    13    39    26    18    10    36    38    39     5    35    34    25    45    20    50    35     3    38    34     3     9     2    46    25    36    19    43     2    11    17    16     2    11    42    47    43    12    27     9     1     6    10     0    39     8    18     0 
