60

   92   146    64   113    60    88   122    88    59   100   124   124   116    80    92   146    70   101    77   133   146   142    96   120    75    52   129    63   110    88    52    79   147   147    76   135   130    60    72   121    84   136    75    52   117    53    53    65   112   131   104   117   138   124   122   123    75    97   134    85 
 2881  3738  2816  2739  3030  3334  3035  2626  3505  2252  3257  2563  2931  2918  2301  2422  2931  2770  2549  3924  2724  3003  2303  2290  2759  2368  2876  2459  2909  2210  3787  3786  2820  2614  2943  2914  3474  3902  3283  3181  2857  3350  2497  3443  3283  3082  2647  2581  3387  2649  2336  3802  2903  3279  2650  2949  2378  2631  2214  2537 
    7     8     7     8    10     1    10    10     8     0     9     5     1     7    10     6     7     4     0     7    10     7     2     2    10     3     7     7     8     6     6     1     5     1     5     3     8     5    10     1     9     1     8    10     1     2     5     1    10     5     7     0     9     1     8     3     6     5     7    10 

   83    59    77    11   137    76    66    70   147   120     6    62    42   129   116    50   104    97    18    27    83   107   145    61   150    33    68    52   120    35   117   124    78   100   148    80    20     9   132   136    36   141    32   140   113   134    78    99    55    52    53    91    33   139    88   135   114   137   145    42 
    0   140    88   110    51   149    20     7   102    69   100    70     3   150   103    90    66    46    90   149    76    85    41    86    74   129   109    55    38   149     0    68   119    93    43    12   150   146    67    88    21    12   150    11    62     8    73   125    86    20    14    23   125   137     5    78    18    15     5   115 
   93     0    82    11    74    23    27    92    17   136    40    47   126   121    60   106    74    63    92    92   143   104     4    76    35    70   132   126   130    51    28    88    84   110     6    20   110    63    78   121   141    78    14    46   141   117    20   138     6   118   111   108   116   115   133    66    35    98    83    75 
  145    37     0    18    11    50     8    94    74   120   128   140    91   125    37     6    92   140    92    66   149   116    47    14   108   130    92   137    59    74    34    38    47   120     8   150    10    41    12    95    46    70    81    59    42     7     0    26    28   111   129    33    22   102    56    55    51    48    85   125 
  147   129     6     0   144   100   128     0    55    94    87    92    19     3    74    16    15    62   129   131    96     3   133    51   113   125     6    55    17    56    37   101    67   101   127   130    84    62    91    49    83   136    95    85    22    95   129   140   134   101    35    93   129   110    54     5   130   132    84     0 
    1   126    55    73     0    61    86    94   130    71    72    48   143    17    98     5    16     0    86    28    64   101    53   137    36   123   105    16    86   121    21    88   129    53    37   114    38    48   130    76    48   129   116    14    62   112    39   125   141   139    69     4    65   127     0     8   103    79   125    94 
   93    55   139   119   122     0    13   103    67    72     3     8    29    98    85    97   140    47   107   106   116    33    31    20     5    25    56    40    77   150    96     0    57    52    56    48     3   147    16    92    98    18    51   149     6    52   103    44    87   110   141    33    85    44     0     6    31    59    72   146 
   20   128    87    72    51   116     0    65    14   145    57   128   128    63   122    11   128   121    36    95   105    33    55    49    45   117    55   109    47    98   135    59   102   117   140    44    93    33   102     4    61    96    26    25   101   123    43    35    97   110    50    94    41   110    65    41     5    70   149   121 
  138    33    21   112    19    86   117     0     6   140     7    34    63    66    99   135    47    94   118    42    43    84    14   120    46    42    52    36   119    90    91    71    99   120    17    52     2   104    25    80    39    43    73    34    78    28     7    72   145    26    86   131    50   105   143   139   145   145    38   113 
  137    92    72    84    74   143   120    85     0    26     5    19    40    62    74   102   123     4   140   122    53    28    97    31   120   113    87   145    87   131    79    55    60    96   139    71    64    35     5    71    19    23    36    82     2   122    81   101    72    75    52   111    70   101    88    94   102    46    17     4 
  132   108    31    60    93    34    80   144   124     0    77    50    46   101   128    21    18    22   141    83   129    75    21    73   133   126   119    85    10    35    86    57    80    12    10   131    99   112   121    20    28    53    17    12   100    91    11    76   107    70     6   112   121    90     6   112   113    86    74   134 
    8    64   109    47    35    38   126    13   133    41     0    70    44   101   118   112     6    77     1   103   101   148    41    46    47    74    61   115   105    55    68    33    18    68    45    52    22    94    91   140    47    61   146    71    94   121    73   102   131   112    47    14     7   132    56   141    49    56   122    48 
   38    12   127    86   122   146    37   140    88     9    31     0    86   137   133   112   120   115   143    85   138    87    16   139    54    20    61    66   140    52   101   105    26    14    43    26    50   102    66   133    11   136    99   122   107    12    33    30    47    16   149    32   142   141    55    63    23    53    20    68 
   87    48   140   124    34    91    51   118   113    84   117    35     0    69   107   131   101    21    75    66   114    69   113    93    24    46    86    24    77   124    23   150    62    65   146    74    90    71   110    96    29   146    81   123   135    52    22    41    99   143    92   114    58    31    34    83    34     7   107    49 
   81    30    72   100   150    48   104    84    38   110    65   106    27     0   108    55    65    40   150   110   107    33    55    98    85   140    52    47    72    87    45    58   123    57    65    33   114    42    76     9    75   143    59    72    37   135   110    93    36    73    58    16     0   105   130    10   127    53   146    41 
  112   150    36   132   142    53    29    85    38    22   131    22   128    91     0    97     3    91    95   123    78   113    83    96    72   132    13    88    63    86    90    67    64    55    36    55   141    70     7    34    67   116   120    51    78    27   106    47    24    51   107    61    29   146   102   103    30    72    18   102 
    6    68   125   147    60    97     5   123   146    83    85   148    66    20     7     0   133    32    34    36    58    69    85    67   107    39   127    21    61    93   104   116   120   134    53   149     6    53     2     1     2   111    16    23    17   146    46    36   133    98    11     6   104   110   120    44    84    50    28    51 
   30    76   125    61   125     5     0   119   120   139   129    89   145    38    81   145     0    33    60    69   125    10    98   100    46     7   109    21    59    59   140    39   139    60    60    82   109   107    12    14    36   131   125    14    90    15   148   120    26   111   105   102    95   118   137    99   110    74    80    39 
    2    80    69    13    20   135    66   111    23   145    98   122     3    18   140   143   110     0    55    31     3   132    25    74    60    40    97   119     6     6    72   116    91   134    96   116   117    82    13    75    29    93    89    59    97   103    87    58   105    25    51   113    22    90    63    79    38    90   141     6 
    3    18    85   101    39    40    90    74    85    39    96   132     7   108    22    49    85   113     0    22    83    80    11    24    85   102    97   144    19    42   137    64    57   124    38    14    12    88   104   103    55    44    82    94    95   121    10    25    10    58   140    71    57    52    50    51   145    51    25    89 
   95    40    55    11    56    76    89   109    81   115   138   133    10   116    41   118    62   148    34     0   113    45   145   126   103   147   100    34    62     2    39    38   144   105    31    72     8    20    74     0   110   120    39    57    85   105   109    70    43   131    68    55    11    53    68    51    13   124   143    84 
  116    24    70   102    98    73   105   118    97   132    22   101   144    38   145    34   134    35     2    27     0   137    81    10    35    68   138    70     3    52    91    79     6   143   101   130    93    75   109   122    28   135    31    58    95    86   131    92   132   104    78    37    99    38    24    48   125    84    89     8 
   14    63    78   138    52    26    48   138    46     0    47    50    32    57    70   150    42   123    46    43   113     0   105    95    29    21    85   142    50    36    25    54   128    80   124   146    86   132    46   148    75    23    97    52    24   107     3    46    54   108    39   113   113    56   106   106    77   126   150    11 
   85   121    48    67    83   126    54    17     2    92   124    22    20   142     6    52    56   113   111    96   126    81     0     5    50    91    18   119    46    85   128     9   141   129    33   116    90   113    87   146   120    13     5   149    24    36    98    65    47    20   140    51    45   126   142    44    17   109    36    38 
  104    73    64   110    56    97    13    61     7   118    29     7   100    64   138    97    99   105    56    97    52   145    90     0    17     3    33    32    63   101    57   116    97    45   102    50    99   120    56    45    83    15     2   130    45    48    58    71   135    94   115   122    14    17    93    56    56    67    84    29 
   19   123    39    43    96   134    90    92   102    43    37    74    89    60   115   141    29    40     1   111    87    11     4   128     0   133   135   144     3    86   127   114   148    33    95    26   141    43   108   100     6   108   113    79    62   136   100    45   132   147    81    45   128   145    19    59    68    48   149    47 
  130    81   109    24     4    83    92    99   137    13   113     0    43    64    91     7   130   145   139    98     8   107   139    69    45     0    58    62    30    58   116    11    13    65   149    33    51     0   138    62    43    55   140    24    75   129   148    86    24    33    90   119   115     4   121    23   139    36    50    27 
  131    77    43    26   127    80   143    54   103    72    95     6     2   100    49    24    19    70     9    19    27    45   109    99    83    35     0    36    28    82   110   130     8    27    69    19    49    87    39   101    89   122    17   134    37   115    90    84   128    27    30    23    88   125    98    69    70    81   113    36 
   37     2    99    87    18    35    55   109    93    84    95    77    92   102    94   149    52    85   128    39   104    13    86    23    52    77    27     0    28    50    61     2    63   102    73    27    67    75    15   117    63   118   112    57   149    16   110    83   114   102   103    93    28    45    98    36   134    67   118    41 
  141    65   125     9    54   113     2   114    30    50    69   102   126   150    61    48    79    76    52    26    53   144   143    49    93   103    35    81     0   146    22    73     4    10    82   106    34    58    83    62   149    69    76    16    41   145    37    95    66    16   120   117    93   121    72    48   118     8   142    18 
  117    80   113    79   112    79    35   100    82    45    76    93   147    12   123    20   101   128   150    52    54    95    91    28    88    93   106    81   129     0    18   136    64   143     6   140    94     1    88    16    15    21    40   147   119    34   135    11   111    85   115    25   100    99   127    75    83   102   110     9 
   39    34    55    18   116    70     6   118    87    63   148    24    39   106    96    35    70   132   143    49    19    83    15   110     9    15    58    90   131    70     0   137   124    45   101    55   148    90   106    37   110    91    79    92   140    52     1    31   120    70   119    27   137    29    28    34    13   130    29    89 
   99   113    45   143    65    91   145   113   119   115    95    52    73     0    41    45    96    62   101   150    88     7   124   140    37     3    86    82   122    43    11     0    69     9    34   105    65   118     9   106   140   144    40   144   112    73    99   111    93    94   145    95    50    33   146   122   123   118   141   113 
  101    68   140    21     1    43    69    53    62    74   126    56    54   133    27    80   111    33    39    54     2    28    79    11    25     7    56    56    84    87   140   130     0    16     8    28   132     1    23   115    51   127    73    84    73    47    71    96    11   146   123   118    55    18    71     7    40    21   113   146 
   85     9   147    79    17   114   125   125    30    72    56     5    27     5   133   112    53   129    29   122    49     2    49   113    65   124    72    45   114    15    54   147    83     0   127    77    57    62   135   115    12    52     2    34    90    17   102    69    69    85    43   120    58    46     4    55    36    99    90    63 
  134    58   100   114    80    57    75    92    89    48    82   105    18    52    52   147   145    12    77   120   143    49    32    32    97    90    77    51    28    93    12   135    56    61     0    32    21    29    44    13    56    36     4    32    27    94   147    34    77    43    33   121   133    44   122    89    52   145    27   114 
   88    85    49   145    40    35    14    98    72   136   126   101     1   129   147    82    31   100    84    32     9     0    12    47    33    75   117    57    99    62    78     7    72   137    73     0   146    90    88   107    49   120   137   138    10    18    95   112   141   138    49    54   145    30     9   148    19     6   146    72 
   97   125    70   128    52    41   101    31    58    76    18    41    76    45    11   110    97   119    43    13    68   101    39   142   109    20    87   119    49    67    68    95   139    93    42   121     0    38   138    39    84    18   102    20    36    32    28    77    73   117   101    75    67   123   137     1    97    26   123   119 
   50   111    61    54   138     3   104    22    34    39    54    27   143   149   119   123     5   143   136   125   125    17    74   136   108   116     3    58   103   140    13    68   114    60    18    53   129     0    60    76    10   144   145    99   136     5   116     6    59   126   101    37    56     8    94    63    85    54   136   126 
  111   137    64   121     1    98    60   105    74    46   100    57    80    44    86   113    28    39    24     0    97   139    72    51    23    17    45    20   123    52    89    13   146    68   140   132    37    99     0    70   119   143    54    88   140   146    96   102    83    49    92    83    20     4    56     0   121    33    59    96 
    5    48    48    71   104   106   103   115     0    43    15   105    10    96    16    22    20    51    13   100    53   127   136   103    23    55    79    22    57    23    33   103   119   133   100    49   116    39   141     0    72    78    65   138   138   126    82     1   135   132    87   134     1    88    68   101    81    74    62    44 
    6   144    76   122   116    26    79   113    14    65   123    99    45   142   126     2     1   110    32   145    45    87   143     8    57   147   147    41   136   115   132     9   111   103    99    41    16    12    93    60     0    11     5   126    97    91    44   107    83    19   144    40    34    45    25    29   132   138    92   138 
   77    18   111     2   147    35   130   119    58    14    99   148    84    81   120   119    45   109    47    83     1   146    43    18   133   124   144    25   102    28    31    91   132    27    77   128   105    37    90   128    74     0    52    49    15   100    14   131    46   127    69    96    81   149   145    49   138    97    35   127 
   96    30     7    34    95    43   144    85   142   128    63    77    14   111    31   136    90   105    93    41   144   127    92    92    70   133     5   126    31    17    24    51   132    11    68     7    87    26   112    82    59    85     0    64   148    64    17   131    99    83    84     3    40   123    40    68    53    37    96    84 
   50   127    78     9   131   113    49    92     9   147    78    98   117   106    51     2   143    12    88    61   145    40   101    27    73    59   130   120   147    78     8   120    44   136    20   106   135    70    45   108   135    54    13     0    98   102   127   104    54    95    79   143   133   105   117   125    88    12    57   142 
  125   109    47   127    47     9    19    13    62    90    13    52    62   142   148    71    85    95    22    73   141    48   114   119    38    84    82    81   133   105    35    14    85    11    17   120   121    57    82    81    21     4    76    79     0    25    96   130    61   142   125    74     9    67    26    23    37    38   112    22 
  127   125    42    32    45    65     2    12   127    30   108    76    60    40    63    73    23    51    58    79    32    58   116   107   126   111    42   101    23   137     6   121    54    46    91    56   140    90   136   104    65    51   141    87     6     0     9   108   100   144    37   118    44    30    62   122    65     4   112   134 
   35    22    14    35    71   143    93    57    81    98    99   143    10    43   135   114   103   124   126   114    59   138   100   127    63    14   126    73    92    63    73    15    78   104   133   143    45   116    93    62   116    65    36    35    13   114     0    42   122    56    38   150   129    80    74    75    21   116   119    40 
   27   143   130     8    11    38    48   120   115   127    56   127    57    50    77    75   102    18    26   139    94   102    82   110    22   124    35   145   105    16    42    79    70    15    24    49   119    48   128     4   117    98    92    28    11   135    66     0   133    35     3   131    71   135   107    62    76    61    92    15 
  124    76    37     6    89    99   109   141    15    99   132   108    29   134   116    18   148    27    69     7    67    88    17   131    72   116     9    68   106    88    63    27    15    43   141    10     6   131    57   147    20   131   146   129    74    34    12   125     0    80   147   114    44   104    69   135    43    42   132   110 
   61    57     4    58   143   124    84    71    19    87    33   122     9   104    63    42    12    90   138    98     6   140   114   110     6   103    50    99   111   111    40    72    30    40   123    49   137    22   103    55    98    29   138    13   146   120    96     5   100     0    99     9    82   122    70    89     2   103    33    58 
  148    12    41    44    29   136   149   145   106   115   132    12    60     0     2    83   124    14    16    80    22    29   149    13   140   126   108    38    14   125    26    59    54    60   148    36    67    61    97     7    95    63    13    45   137    62   144    97    25    71     0    46    76    93    85    26    89   106   125   145 
   82    64   138    84   106    30    96    22    91    82    31    96    43   113   122    61   115    45   108     8    46    41    79     2    90    41    54   144    17    11    74    20    54   126   135   120    37    39    97    14   135   108    28    42    60   137   120    71   117    78   146     0    25    80   147    65    55   107    60    52 
   96    24   130   110   126    44   122   107   121    75   121   106   107   129    32   144   138    27   118   131   100    46   120    32    32    60    33     7    80   117    30    64    14    82   124    40    77    28    35   131    40   148    47    43   114   127    77   100   142    78    86   108     0   143    11   149   115    36   119    43 
   93    46    96   115    22   107    82    89    31     8     6     3    51    39   121   145     4   135    58    27    49   136   137   149    68    38   119    78    64   131   144    28     2   118    86     9    55    46    36    87    76    96   144   123    83   102    34     2    25    10    51    76    97     0    94    67    49    72     5    96 
   33   129    70    15    17    10   137   119   120    75    51   131   109    61   104    77    59    22   144    78    29   149    37   102   134    21    75    87    77     0   107   127   143     9   136    15   131   133    66    49   121   149    53   114     6    78    85   132    14   141    14   145   115     2     0     8    51    20   124    37 
  113     3   133    57    39   111   144    88    68    79   114    65    18    25    85     2    20     8   142   149    29   150    66    78   122   122    56   119    15    24   111   141    89   108    66   112    66    28   109    86   109   139    70    13    36    55   128    67     2    33    41   114   130   146    59     0   145   144   103    37 
  117   149   131    75   131   146     5    66    12    54    38   118    98    42    12   142   142    84    13     8    26   101   131     8    93    26    75    87    61   107    41    71    60   128   135    12   120   129   105    46   106    49    57    13    57   114   123   102   128   136    54    29    24   100    97    80     0    82    58   137 
   32    19    65    41    29    84   113    33    56    32    41    55    21    58   126   122    57    33    25   114    23    59   107    21    86    70   104    51    70    10    83    81   143   123    17   144    58   134   122    69     6   122    33    11   137     1   120    87   116   149   146   111    70    97    71    22   121     0    20   137 
    7   118   109    93    17     1    54   142    11    68     0   129    49    67   128   127   108   101    34    75    33   133    68    37    36   135   125     2    76   100    62    98   137    37    37    38    49   141     7     0    45    12    92    75     5   141    71    18    29    27    35     9    27    20    35    40    55    46     0    26 
   73    79   103    14    55    21    96    30    91     7   147   108    96   105    72    14    22    65    41    46   112    83   136    72    44   135   107    21   124    98    54    54    59    83   114   116   130    46     9    83    51   104    88   115   105    14     2    87    42   139   132    73   134    92   123   131   131   107   142     0 
