60

   50   103    75   126    82    55    96    57    75   103   120    75   147   107   127    60   130   130    60    50   138   141    62   107    64    50   105   112   118   140    55   102    54    60   149   141   142    74   114   143    97   112   147   146    51   111   105   113   150   113   113    60    84   136    88   126   127    99   150   106 
 4823   687  2128  3374  1963  1093  5086  2547  5049  1773  2535  2292  4836   791  1005  2230  4206  3294  4044  4333  1028  4773  4092  3020  1560   736  1788  1723   653  2338  2378   934  4808  1990  2155  2275  2286  4307  1533  2498   841  2468  1522  1266  1302  3499  3033  1973  1862  4930  1472  1546  4085  1767  1531  2577   698  3303  5278  4761 
    2     0     7    10     4     3     9     9     8     4     2     5     1     5     9     0     4     5    10    10     8     4     1     0     5     8     5     0     7     2     0     6     1     8     4     3     9     7     1     3     9     8     8     5     7     6     6     8     4     8     3     7    10     5    10    10    10     0     1     6 

    2     0    48    30     1    36    32    40    37    14    21    45    35     6    18    27    50    45    18    15    10    41     7    16    24    13    17    46     4    22    40    46    22    34     9    29    30    46    22    24    25    46    34    29    29    21    40     3    22    49    26    11    11    40    25    20    16     6    25    41 
    0    41    43    15    42    33     3    17    19    11    12    24     5    48    42    44    10     9    34     8     6    15    36    22    13    11    23    20    10    41    24    13    32    46    46    29    25    50    23    39    10     2    20     5     3     3    49    28    29    32    42    17    15    13    44    40    29    50    46    30 
   21     0    45    48     4    45    12    20    23    37    25     8    37    42    34     9    38    39    41    25    27     2    33     7     1    16    30    48    35    43     9    18    41     9    18    20    16    14    49    40     8    17    38    38    33     1    23    39    26     3     5    28    41    28    41    46    10    49    50    35 
   13    20     0    18    40    36     4    16     2    38    17    30     6    41    37    27    25    50    42    32    12    10    44    22    49     7    45    18     6    41    39     7    24    29    43    37    24    25    37    39    48    39    26    12    36    34     4    28    50    26    38    25    14    39     9    31    34    34    47    20 
   12    35    20     0     5    32    37    47    14    23    37    35    21    22    18    26    40    16    45     9    26    38     9    46    39     5    10     8    19    41    29    28     0    24    16    46     1    35    29    19    19     4    31    23    17    32     0    13    50    38    43    38    50    35    36     7    21    38    37    38 
   14    13    18    21     0    36    15    43    32    50    41    49    43     3    10    46    33     0     2    20    20     7    24    17    39    49    36    24    38    43    14     6    39     1    40    27    15    13    23    14     6    16    19    48    19    48    43    33    49    32    18     7    23     3    11    28    24    26    30    30 
   24    24     8    14     5     0     2    41     5    15    19    23    35     0    45    20    16     6    13    13    44    16    40    35    31    33    37    26    45    50    44    38    27    18     3    21    35    32    45    27    10    40    47    35     8    34    41    15    20     2    46    49    19    38    29    14     6    21    31    25 
   19    32    49     4    24    42     0    16    18     2    18    41    38    17    30    34    32    31    14     8    46     4    21    14    12     8     5    40     5    34    16    41    38    38    35    26    46     5    30    15    41     3    47    23    17    37    46    30    35    39    32    34    47    34    32    15    26    26    32     0 
    1     0    49    19     2    28    31     0     7    36     9    21    11    30     6    21    42    16    48    41    37    22    40    22    39    34    24    11    11    29    15     7    18     1    27     4    22    11     6     1    34     2     8    18     0    44     2    46    11    46    27    46    25     8    20    45     4    36     3    22 
   32    47    43    47    32     6    17    21     0    37    22    45    40    49    32     2    14    39    40    31    14    30    47    18    37    40    42    31     1    34     7    48    13    25    45    48    28    17    41    47    13    13     7    50     9    14    44    45    18    12    10    50    41    33    13    29    16    21    50    39 
   16    12    32     8    46    36     9     2    48     0    19    17    16    44    26     0    22    18    27    18     8    35    46     7    35    43    23     2    20    17     9    25    44    32    19    40     2    17     6    44    31    35    19    32    10    31    30    45    39    50    44    48    14    13    40     6     1     2    11    12 
   48    27    47    25    18    30    13    44     1    41     0    32    36     7    17    42    19    49    31    21    43    49     6    15    13    50    43    26    50    13    34    36    43    10    11    40    25    44    44     8    27    43    11    12    26    25    35    43    35    30    21    27    25    10    20    14    16    49    13    23 
   38    20    29    49    44     1    46    23    40    25    50     0    10     0    22    33    47    19    38     3    46    36    28    30    24    26    44    10    31    11    11    14    43    34    49    31     9    42    39     5     3    39    18    45    37    43    17     5     2    26    33    21    13    38    13    49     4    37    25    10 
   21    16     2    43    24    15    34    13    37    50     7     3     0    50    38    48    27    32    13    47    23    41    36    40    25    18    46    15    37    11    22    20     5    13     1    39    33    20    21     7    20    46     1    22    37     1    50    31    44    40    25    17    17    40     9    15    16    15    20    22 
   40    15    21    27    43    12    45    45     4    34     7     6    30     0    26    42     6    33    24    31     7    41     8    35    42    39    14    23    23    29    14    27    19    44    28    21    23    33    10     3    36    19     6    40    22    46    48    13    12     7     8    11    41     0    24     3    38    24    30    37 
   43    47    26    24    29    30    32    40     0    37    49    19     1    36     0     1     9    23    10    48    38    14    15    35    10    18    33     0    48    39    42    35    11    50    42    20    18    50    19    23    12     3    38    41    35    19    41     3    25    40    50    24    46    14    21    43    24    47    10    27 
   10    14    29    35    48     9    46    46    22    49    50    49    23    31    19     0    20    22    21    12    30     7    26     3     2     6    32     3     6    14    42    32    15    25    15    42    16    48    38    31    20     6     3    14    37    30    38     6    12    18    20    45    40    29    15    22    42    39     9    21 
   34    12    11    24     6    33    16     1     6    37    18    20    23    41    18    11     0    18     0    45    39    10    40    40    35    34    30     0    32    34    46    25    17    29    41    19     2    14     7    42    30    41    25     5    18     7    31     3     2    38    48     6     4    30    16     6    13     0    47    25 
   33     5    15    12     1    43    10    32     3    28    42    40    38    30     5    38    30     0     7    42    41    16    30    27    24     6    44    44     2    14    10    20    10    45    44    10     6    35    36    23    28    44    50     4    11    13     3    15    25    21    30    24    42    22    18    40    46    11    21    26 
   47    36    34    47    38    36    43     6    21    10    24     8    10    33     0    50    43    17     0    41    37    32    35    36    40    29    42    49    28    22    18     8    30    15    25    39    46     2     3    48    26    49    15    10    31     3    46    34    39     5    22    28    43    21    49     5    17    17    21    50 
   33    15    40    28    43     4    21    19    35     8    37    20     3     9    25     5     0    22     8     0    43    28    44    38    21     2    22    11    11    45    22     7    18    11    23    37    18    45    31    17    34    16    34    38     3    28    50     0    50    10    41    11    22    28     2    37    14     0    25    50 
   33    16     8    23    19     8    27    34    38    44    40    44    38     8    23    41    41    42    37    42     0     5    47    22    39    19    26    45     7    46     7    38    25     5    12    47     9    47    11    13     5     0    12    49    44    34    11    50    15    38    10     7    23     7    27    43     5    34    27    30 
   23    29    12    27    47    11    16     2    26    24     1    28    43     6    20     7    16     7    23    37    49     0    33    23     4    50    24     5    17    17    28     5     8     0    48    22    21    36    12    45    33    14    25    34    24    25    39    19    11     5     3    47    39    26    41    30    45    37    42    49 
   21    43     8    39    25    10    16    47     1    16     4    22    31    18    29     1     2     9    42    37    38    10     0    17    41    16    49     2     7    23    50    14    22    19    40    50    15    50     7     7    46    27     1    19    15    25    18    41    20    34    32    46     8    39    34    13     4    34    47    46 
    2    11    46    10    33    11    37    15    15    48    50    22     8    17     0     8     2    11     8    18    15    47    47     0     5    25    14     2    48    19     0     2    30    19    50     6    35     4    36    17    47     2    27     4    33     5    33     8     7    20    42    29    19    41    23     6    43    14     1    16 
   13    48    32     8    14    48     3    29    48    16     3    50    20    32    38     1    39    50    41    21    42    10    30    10     0    47    13     5    13    28     4    26     5    44     2    23    30    47    16    11    21     3    27    28     2    31    39    27     1    28    21    27    19    44    41    40    21    38    23    49 
   30    26    38    31    49    14    12    46    31     9    40    38    41     9    12    46    24    12    29    28    32    43     9     9    49     0    25    37    38     0    18    36    34     3    50    50    45    42    25    40    39    43     2    27    40     3    29    26     6    34    32    14    11    38    50    17    40    40    49     7 
   30    43    48    27    20     5    18    23    11    44    48    47     7    42    14    29    39    48    38    49    11    37    48     8     6    18     0    31    23     0    25    14    50     6    44     9    27    33    21    33    48     1    23    34    23    45    17    40    17    27     5    44    47    37    24    15    40    50    42    41 
   44     3    24    24    31     2     7    45    46    47    11    35     2    50     4    42    36     7    12    16    27     3     9    14    46    37     3     0    11    30    37    18    22    36    37     2     7    43     8    26    41    13     6    25    44    46    10    39    20    12    35    44    32    43    49    35    22    27    23    42 
   34    19    25    17    32    30    44    20    43    19     3    43    46    44    32    30    38    18    15     7    47    48     5    21    19    20    26    25     0     0    50    32    37    40    44    19    45    24     4    18    10     2    18    29    37    25    37    16    26    31     9    46    11     5     9    37    19    50    11    25 
   12    36     4    29    42    32    34    48    24    20     7    48    42    15    44    45     0     7    26    21    31    24    46    27    47    37    22    26    20     0    30    42    17    17     1    35    14    15    36     7     0    26    38    41    18     4     4    11     1    22    21    40    13    11    12    22    23    10    14    24 
   30    39    40    36    28    12     8    50    31    40    45    35     4    19    16    39    19    45    35    43    18    30     0    22     5    16     3    26     4    14     0    32    37    29    20    32    47    11    19    15    31    48     6    38     6    34    12    32    41     6    33    43    47    39     8    46    43    42    39     4 
    6    22    24    19     3    47    21    29    19     6     7    13    24    21    30    18    38    26    34    37    36    20    38    43    36     7    28     5    24     1     4     0    37    11     8    10    24     5    22     2    29    21    20    36    45    32    27    42    14     6    27    39    27    20    21    19    48    22    12    26 
   35     6    27    22    46    16    25    13    28    41     4     5    50    19     9     3    37     2    46    40    21    36    50    17    43    11    18    21    38    42     0    38     0    30    32    22     8    20     2    38    44     2    14    43    10    43    30    19    23    50    31    33    13     8    39    42    39    45    36    38 
   21    15    27    48    33    29    29    47    43    48    29    46    45     5    40    50     1    30     0    20    26    11    49    15    32    26    23    22     5     5    15     4    17     0     4    15    24    36     9    25    45    40     2    20    25    42     1     4    37    24    33    10     4    47     4    24    23    31    39     7 
   28    37    36    22    27    13    11     0    20    41    12    29    34    22    15    15     6    29    33    15    43    38    32    27    37    47    46    42    21    47    18    22    22    16     0    35    27    40    39    28    43    28    45     9    26     7    38    27    33    13    16    49     6    28    41    47    29    40    22    30 
   23    11    37     3    25     9    42    26    42    17    34     9    15    10    18    18    45     4    43    42    47     5    20    25     8    11    20    21    29    41    10    39     9    31    23     0    44    36    14    48    26    14    43    50    40    40    45    35    28    22    16    12    38    24    34    20    42    41    25    18 
   44     1     5    40    44    17     3    28     2    16    38    48    27    35    35    23    40    40    27     0    16    35    29    31    26    47    22    42     4    18     6    26    15    46    31    37     0    33    33    21     1    30    32    40    14    11    15    36    24    20    15     8    41    10    42    15     1    13    29    21 
   25    22    31    34    43     2     7     3    46    39     3     0    19    14    18     5    22     1    34     4     8     2    20    40    40    30    41    10    50    17    20    33    26    43    10     5    30     0    38    44    34    41     7    26    34     8    13    42     4     4     8    39    24    26    15     2     9     7    41     3 
    1    47    24    15    45     9    49    27    48    14     0    14    30    33    40     0    29    25     2    14    12    11    14    25    26    13    23    50    37    28    16    22    31    32    30    43    38    15     0     6     2    20    50    20     7    14    13    45    19    10    20    45    11    46    47    23     7    26     5     2 
    4    46    50    19    48     5    32     7    10     8    48    44    50    13    18    34    13     4    33    29    21    30     2    27     1    28    29     6    48     7    25    17    18    47     3    20    20    27    38     0    30    24     0     2     1    38    44    24    13     3    21    24    15    46    27    20    48    33     0    21 
   21    36     2    48     1    26    45     6     9     3    50    32    33    12    32    30    31    19    12    38    18    45    48    15    47    19    43    42    22     9    34    24    45    38    20    38    47    41    17    16     0    41    15    49    41    37    44    37     6    10    42    31    28    39    33    37     9    35    16    20 
    5    33    48     4    37    11    16     4    21    14     2    45    20    30    37    31    43     3    42    23    34    46     6    44    46    40    44    11    16    19    44    12    18     7    14    20    18    20    16    47    27     0    24    28    49     6    42     8    27    21    23    39    40    31    17    42    35    12    38    24 
    0    28     7    48    35    39     7    14    39    13    13    14    23    47    15    44    33    45    10    44     0    35    42     0     1    25    50    43     7    16    43     3     2    20    29     8    14    30    21    16    29    36     0    11    40    18    49    40    34     3    42     1    29    39    39    16    30    10    29     2 
   11     9    46    16    30    16    29     5    36    29    41    38    26    17     3    43    28    11    29    33    42    24    40    24    16    42    25    19    45    16    29    13    14    43    28     3    32    24    36    11    39     6    22     0    48    16     0    35    41    24     0    22    24    39    14    14     9     3    38    35 
   12    33    11    39     4    10    15     4    13     7    31    24    29    47     8    10     1    33    12    16    16    10     0    16    17    29    38     2    41     4    17    27    41    49    46    41    21    30    46    41    17    15    17     3     0    48    14    16    16    47    36    33    11    20    32    11    20    31    12    34 
   13    20    13    49     0    48    40    35    34    29    45    41    23    20    46    21    29    31    35    22    21    10    49    44    27    40     8     6     5    14     5    30    23    18    10    44    36     2    41    17    23     0    42    33    29     0    43    47    25    41    29    25    48    45    20     5    16    18    16    45 
   25    46    26     6    21    30    46    24    28    26     6    43    43    41    14    49     7    18    44     9    48    18    38    44    45     9    30    50     6    41    38    45    38    28    32    18    30    44    49    34    14    29    26    40    46    47     0     0    20    19    45    16    42    41    23    49    41    29    40     7 
   12    23    48     3    13    25    44    39    40    41    16    30    47     1    30    38    45    30    28    45    18    30    14    33    33    43    46    19    11    16    38    50    40    43    11    38    26    44    17     5    32    31    10    43    12     9     9     0    42    30     7    18    25    22    29    40    49    45    47    15 
    0    29    26    23     1    18    42     0    48    31    38    20    40     7     8    19    46    32    23    42    10    44    43    26    18    17    37    12    37     6     8     3     8    39    45    29    45    41     5    35    39    33    27    19    47    50    28    40     0    12     0    12    20    48    36    17    24     8    22    47 
   14     6    49     1    34    40    24    29    47    36    50    13    15    31    33    48    10    34    34    47    29    17     8    11     4    31    17    38    28    22    49    25     5    13    17    38    12    18    12    18    11    32    37    38    17    16    29    48    22     0    34    37    24    27    17    12    31    41    37    30 
   45    17     7     2    32     5    11    29     5    25    19    30    11    30    32    29     9    45    37    49    16    28    49     4    15    47    29    47    22     7    47    34    28    11    19    10    24    10    24    18    23    13    25     8    15    13    22     1    27    29     0    22    12    13    22    33     4    44     8    37 
    2    12     2    49    16    10    40    40    10    23    40     9    44    36     3    50    20    17    10    17    13    50    21     7    21    50    48    39    11    34     6    13     8     7    30    20    21     7     3    41    20    38    21     2    26    22    34    12    38    22    11     0    17    28    32     1     8     4    43    18 
    0    28    16    48     1    23     6    38    18    49    20    41    23     8     8     5    38    17    22     9    31    21    21     5    44    31    20    37    19     4     1    15     3    41    21     4    38    47     7     8    14     0    12    41     7    24    33    45    39    49    37    15     0    38    50     2    39    17    16    48 
   14    31    32    44    34    47     1    22    27    46    33    21    26    13    32     3     0     2    29    14    28    33    16    41    48    32    31    34    34     9    44    13     6    30    48    39    37    36    34    37     2     1     0    25    12    41    47    37    48    40     1    40    49     0    13    34    22    18    33    32 
   27    37    21     2    16     1    49    27    20    44    16    21    27    12    10    27    13    12    44    23    12    38     0    11    25    12    22    48    13    44    45    14    50     7    49     5     2     2    26    40    18    43    26    39    50    49    18    25    39    50    22     5    44    31     0    38     2    19    10     9 
   32    42    26    26    16    48    27     1     0    23    10    36    25     7    37    18     8     1    28    14    13    49     9    14    30    13     6    33     6     0    48    30     0    34    19    29     7    32     9    41    14    39    37    46    11     0    30     5    18    24    28    15    41    28     5     0    33    41    29    49 
   39    47     1     1     2     5    18    30    23     5    18    36    46    40    22    39    34    20    48    33    42    40    44    12    30    34    20    49    27    47     8    22     7    50    44    12    44    26     5    21    27    23    25    46    30     1     6    16     1    28    46     3    35    50    30    41     0    43    32    38 
   11    34    20     1    11    40    17    22    18    21    10     4    28    21    12    36    26    37    45    15    26    23    23    27    20     5    19     8     5    32    30    37     4    33    16    29    31     6    10    15    20    24    13    13    18    24    47    37     2     0    28    25     5    46    25    47    42     0     5    43 
   12    28    46    23    24    19    20     1    27    24    22    27     8    23    38    42    11     0    15     2    12    46    42    28    14    35     2    38     4    30    10    42    45     6     9    28    32    12    19    25    11     7    20    45    35    44    12    40    23    17     2    39    44    23    39    46    38    50     0    37 
   27     4     0    45    18     8    16     4    23    24    14    14    31    44    42    25    38     9    40     8    30    26    38    36    46    13    16    31    35     6    39    40    19    31    48     8    46    12    13    46     9    37    16    32    35    13     1    20     7    14    12    30    29     9     2    34    14    17    17     0 
