60

   83   102   112    96   140   146    89    81   150    72    52    65   113   126   133   147   113    86    56    78   113   139   149    72   124   145    98    60   103   134    89    97    57   143   106    94   104   149   129    84   144   133   102    88    57    82   135    85   107    89   134    75   135    54   100    79   129   115   136    77 
 4467  4211  2133  2837   868  2364  2595  4281  1763  1550  2030   817   933  4901  1088  3009  1486  2848  2046  2100  5960  1778  2183   871   867  1979  2609  5942  3013  2059  3850  1295  4372  1147  1450  2308   739  1095  1384  6129  3868  2073  2439  3815  2883  2569  2819  2392  1759  1586  3449  2773  6093  3073  2478   890  2165  3762  5180  3122 
    2     4     5     2     7     2     2     8     3     1     9     7     2     2     2     4     7     7     8     3     5     4     7     1     7     9     5     7     6     6     8     7     6     7     6     3     8     5     4     1     4     8     7     1    10     1     4     8     4    10     8     0     8     9     5     4     6     7     3     8 

   41    61   133     5   129    43    92     2    84    51    69    41    76   118    41   132     0    67   136     6    39   101    27   140    30   139   102    40    21    82    48   108    50   132   124    74     5    95   140    82    96    54    91     0   131     1    29    17    29    41    74    18    90    73   132    55   116   124     3    33 
    0    32    55    60    74    85    38    17    78   100    98   148    22   146   125   142    81    60   129    47    79   125     2   118   145    61   119    18    56     9   101   117    83    15    56   141    94   128   119    86    31    40    78    75    44   136    76     0    61   131     7   148   111   132    28   119    35     8    92    29 
   17     0    84    74    84     5    31    14   124    29   127    62     7   133    82    30   115    56   114    79     3   143    20    71    57    50    43    66   149    10   109    26    14   129   100    58   140   149   112    60    45    82    20   118    66    27    19   109    27    42    47    28    32    52    43   103   102   133    99    94 
  113    37     0    45    29    25    70   131    90    77     8    40     2    39    90    76    31   134   141    98    41     3    77     9   140   109    36    95   132   128   116   111   131    66    12   136    56   110    78   127    92    19    33   104    42    99    62   141    44    79   114     0    67    23    59    32    56   110   132   117 
   76   126   121     0    88   112    57    26    17    92    14    80   134    54    35   139    99   112     6    82    18    55   102   127    97    45   139    95   120    37    69   115    30    71   146    96   131    90   136   148    20    84   111    15    96    66    22    81    10    73    92   127    24    79    24    67   146    51   146     5 
  105    85    65    19     0    90    42   102    33     6    96   120    50    45     2    17   106    48   106   133   141    50     2   123    95    81     4    83   143   137    26     3   145   101    16    75   117   100   142    29    38    47   102   147    65    21   139   114   112   116   130    35   107    74    72    41    79   142    49    32 
  125    47    20   143    30     0    38    60    10    68   125   121    84   150   124    68    21    76    43    66   143    83   123    86   146   116    72   101    96   136    29    89   142    44    75    15    48    80    20   117   108   103    16   147   114    13    37    79    12   123    44    58   102    67   129    94   103    95    35   110 
   33    40    98   138    99    44     0    56    57    95    69    35    93    92    35    99   101   142    19   128     7   101   110   118     2   133   112    13   126   124    30   150   116    28   112    13    85   102    19   132    14    20    79   110    43     1    41    51    49    80   148    23   128    21    19    13    37    58    44    85 
   25     9   103    22    25    84   125     0     9    15   100    43    19    80    79   126    37    11    42   128    19   104   125     6    38    76    92   104   140    58    62   149    47    42   140    10   128    51   115    18   113   150   115    73    58    45     6    87   118    65    37    87   136    38   108    21    34    61    84    76 
   88    92     6    87    62   111   127   137     0    20    19    89    77   119    23    18   118    55   107     4   130   107    16    44   100   103    77   128    24    67    12   116    90    80   145   147   106   146   120    90    50   129    66    53    76   103    15    63   126    23    26   137    50    58    68   109    76    21     6   144 
   33    47    27    89   133   122   147    12    69     0    99    93   119    19    95   119    76    32    13    20     6    32    75   122    79    10    47    60    76   100   105   106    33    69    69   137    41    14   148    68   107    53   138   136    39    72   126    21    76   110    83     9    25    88   116    74   132    96   117    51 
   34   123    65    24   102    31    49   115   119   103     0   100   120    53    13   127   110    56     0   119    55   125    64    80   125    95    90    35   145    85    66    79    34    19     5    95    52   112   116   135    77    69    96    75   138    35    11   146    65     9    64   103   134    57    81    64   106    76    54   125 
   61    35    77    75    86    73   108   116   108    14   116     0   143    51    12    14    14   110   101   119   119    91   114     5     7   112    72    66    91    16    55    20    82    97    44    48   103    48    61   111   147    41    23   138    53     4    43    74    69    22     7    93    17    44    45     4   142    56   150   110 
  121   134    99    23   119    77     2    27   114    72     3    34     0    78    33   126    55   117    32   121    45   122    57   138    80   145   138   112   116   124   137   113   137    24     8    12   150     5    93    65    82    63    71    76    93    16    59    68    95    99    50   146    84   135     3   147   118   115    12    42 
  137    95    41   104    30     8     6   112    71    43    77   143    41     0   150   132   117    58    57   103    45    27    29   110    52    27    72   104     5    49     2   103    34    48    46   112    67   112   101    98   115   108   150   149   133    25   126    16   115     4   134    80   105    45    60    45   111    87    29   145 
   43    66     2   121   143   147   150    79   116    90    94    69   140     2     0    22   106    32   114    33    48   109    93    58    91    46   102    28    94    72   102    90    74    48    79    37    76    65    24    42   120    92   146    86     1     1    60    21    65    19    75   133   114    31    92     3    36     3   104    54 
  112   125    58   143   102   122    47    56    82    96    67   124   111     3    40     0     9    93    86    59    63   146    96     8    47    61   105    85    29   142     7    18    39    58    81    85    61    12   145   150    51   133    57   103    68   118    51   139    80    52    15   128    47    62    84    53   108   149   111    68 
    0    70   137    68    34     7    10    83   141   129   148    21   114   146   146    14     0   141   123    18   142   108    43   101   112    67   123    21    36    39     6    31    66   107   137    16    19     3    10    43    21     5    61    22   129   101    20    71    48    34    38    76    50   128   102    53    36     7   128    64 
  123    71    94    36   125   100   130    21     6    71   120   138   106    57    20   126    38     0    20    81   137    63   109   106    35    68    12    50     7    67    47   119   123     5   116    80   120   139    87   147   144     6    48   142     0    25    96   104   136    88    24   111   117    18    29    10    78   124   147     6 
  107    28    51   127   112    44    38   116    20    83    30    10    11    89   102    98   128   101     0   110   110   126    98   103    87    27   105    26   148    14   149     2   136    85    29    27    97    15    64    45     3   101   132    41    53   107   130    51    53    18    17    26    95    72   126    35    93     3     1    61 
    3    50    23    19    74   145    87   136    60    83   144    51   150   108   105   117    71    36    15     0    89    54    66    16   131    46   112    65    54   145    89     1    50    77    13   146    64    73    74    71     2    49    54    61     2   140    15    39    23    81    79   116    72    60    32    63   149   106   123    47 
  101   127    87    60    86    15    66   104    17    53    59    43    64    16   137   104    28    49    64   116     0   122    88   119   118    14    87    25   139     5   110     6   122    15    71   113    57     2    41    92    77    42   128   119    32    55   102    55    39    28    58   117    86    91    73   108     4    60   133    17 
   36    12    21   150    88    51    71    31    66   131    18   105   143    47    83    41   115    74    20    75    50     0   108   129    76    95    77   118    92    20    25    49    72   150    65    28    99    72   144    63     4    87    40   115    60   104    25   135   102    17    37    38    57    84    97   130    39    58    35   142 
  102    82    83    80   143    79   131    36    86     8    28    74   143    77   137    55    61   147    33   119    27   136     0    15     7    65    35    97   148   147    49    34   131    54    67    27    42   149    25    20    60    37   108   114   102    59     9    44    65   119   110    14   104    78    49   142   134   109    16    93 
   68    24    39    65    19    74    28    92    75    70   116    44    67    84    38   130    16   107    25    69    23    25   146     0     7   101    72    14    16   125    69   138    44    48    34   106    78   127     2    15   120    21    72     2   114     2   148    89    23    20    73    79    16     5    11    84   133    94   136   139 
   24     2    89     9    38    15   114   144    28    56    52    36    50    54    40    57    55    78    28    61    59   105    46   122     0   124    68    11   139    79    23   106   107   146    13    38   141   139   117   120    29    45    57   109    92   127    62    34     8    27   106    14    30     0     5    68    86    62   114    71 
  117    89    51    69    58   147    93     0    56    38    47    80     8   135   150    40    80    24   140   116    37    64    98    13     3     0    83    27    13    10    74   111    31   129   126    96   111    94     9    63    55   100   111   121    43    20   131    59    78    26    12    39   150    27    48   114   117   145   101   147 
   31    74   133    57    16    96   125    56   106   129    41    48   145    97    55    43    79    84   115   109   146   138    26    78    40    26     0    31    62   117    81    30   132   147    15    69   111    32    61   129    40    69   119     2    87   126    94   143    16    32    50    43    12    31   109    82    54    88   139    14 
   80   112   125   143   123    14    70   133    75   120    89    27   150    85     8   108    25   111    74   121    18    80   126    14   106    18     8     0   107   116    78     6    27    43    31   142   122   118    67    38    22   140    92   109   135   120   140   108    14    55    23   125    26    18   146    13    54    78    32   117 
   95    72     9   127    56     9   132    49   145    88    97    10   144    85     7   131   142    29    85    84    46    38   129    78    80    63    78    52     0    22    45    37   141   100    81    49   125    87    86    20   131   110    81    11   132    69   101    48    73    37   106   141    19    62    81    75    85   126    33     8 
   50    29    65   129    38    89   112   111   138    26    68   109    41    65    71    46    43   110   130   133    84   144   116    13    22   137    42    52    24     0    86    80    99    66    60   117    12   147     4   117   147   100    11   101    45    12    96    92    89    29    92    83    87    80   134   130    91   132    84    54 
   12    80   118    12    45    34    50    35     1     6   134   100    31    50    21    54    52   130   135   116    20    23   139    20    84    60    47   103   125    29     0    84    76    56    54   110    37   123    90    65    23     2    57   120    95    73    22    69     2   131    70    77   147   135    36   145    88    23    65    56 
   17    73    96    84   133    90    68    41    63   113    49    92   103   117    75    43    53   100    82    81   117    49    68   136    32   112     5    57   108    87     1     0   102    20    20   122   118    55   107   107    23    50    14    12     1    33    52    20    34    52   115     9    17    72   126    61    16   123    92    51 
    9    23    37    49    85   103   123    67    18   143   125    65    70     3     2   127    40    18    47    91    94    97   138     1    49    92   106    94    45    64    12    45     0    44   145    31   141   104    17   115    49   122   126   117   118    43   126    24    82   116    65   132    35   108   108    38   143    90     4   131 
   29   150    41    24    52    50   149   117    83   149   121    94   145    20    33    58    25    12     9   117    64    39    27    49   111    93    27   116   120    57    14    41   148     0    63    79    18    76     0   107    80   148    17    48    73    54   137    97   112    69   124    85    88    29     1    46    14    26   119    42 
    0    84   126    98    43    80   110    78   133   148    27    29    62    53    21    75   148    73    34   148    65    20     0    62    36     7    32     7    87     9    40    70    58    41     0    33   132   104    99   111   101    18   110   103    43    79    39    25     0    81    24   102    73    77    95    99    60    29   112    62 
   56   111    18   127   118   148   132    67   106    47    19    29   112    16    25    12   122    58    88    77   100    30    12    67    70   148    40    79     1    94    84    47   150   122     8     0    46     7    93    94    84     2   109   142    16    65    26    14    78     3    83    29   131   138    96   130    90    94    79   147 
   44    76    85    57    22    38   116    89    38   109    25    83   106    75   101   144   100    33    66   124   113    36    73    92    27     2   120   108   136   137    41    15   129   100   144    87     0   129    38   117    83    37   115    81     3    10    38    70    66    70    69    91    59    46   137   109   143   113    16    47 
  143    22    59    19   136    71    26    96    22   129   129    98   107    26   117   146   120   101    65   112    35    22   114     1    30    70     5    98    41   147    20   103   146    66    28   113    95     0   150   125    52     6    20     0    49   142    90    52    83    13   110    49   140   109    72    40    54    80   129   121 
   62     7   116    46    61    67    86    93    91    48     2    26     3   138   148    88    66    19   104    48    58    93    55    14    98   144    54    71   125    29   126   104    39    16    83    96    83    92     0    83    90    85    12     8   146   117    82    98    18    56     3   116   111    59    43    88   140    92     8    90 
  123   133    58    27     9    50    21    39    21    43    53    92    89    74     0     3    16    70    99   146    78    84   115    93   127   110   149    70   118   131    24    46   145    75   137    16    86    96   138     0   112   104   119    64    98   118   123    78    93    27   123   128   133    42    65   141     8   109   147     0 
  144    63    88    14     2   110    22   110   123    68    94    26    28    26    39   122    60    69    38    49   122   110   135   146   105    34    59    97    39    42    80    66    77    52    74   101   110    82    47    25     0    53   121   139    32    42    44    26    87    62   138   143    69     9   145    53     9    83    66    44 
   75   107   145    28    45    65   119   149   143   102    53    38    38   103   131   142    39    91    98    68    91    17    33    24    68    45   149   127    23    48    16    75   148   107   123    57   116     9     2    20    57     0   137    38   112     4    24    39    39    10    60    76     7   108    15   135    39    46   125   150 
   98   128    77    76    91    72    89    81    51     1     0    56    21   106     8    67   111    88    72    90    37   101    30    30    20   138    76    44    80    84    54    90   142     5   145    25    14    37    27    83   130    96     0    19     0   125    99   106    97   135    27   141   123    70    11    41    81    77    98   115 
   41    34    26    94    61   133    55   105   143    36    87    94   121   111    13    71    49     3    92    77    52    86    56     6    46    46   115    97    72   121    27    41   145    92    82   120    26    49    52    67   110    16     5     0    73   119    36    11   136    79   132    33     8    61    51     4    76    78    90   102 
   79    45     4   122    99   105    79    66    30   147   136    94    14   103   122   146   106   139    52    20   102     2   118   148    71   104   147    89    72    36    55   111    62    88   147    26    74    19     6   117   125   143    52    38     0    10    51    64    83    10    61   128    46    62    49    28     5    64    16     8 
   18   115   121    89     1   113     5    98    96    29    35   146    79   108    79   103     9    83    30   137    62    75    15    84   141    59    79   137    49   146   124    92   140    63    55    41     4   149   146     8    29    66    99   140     8     0    78    97   132    34   137    56   128   115   118    63    63    75    57   117 
  131    53    16   147    68   117   113   140    23    40    61    21    78   122    73   132   122   109    10    73   148    88    12     0    12    87    47     7    69    23    10    18    48   141   139    79    22    26    98    50    81    30    75   131    95   138     0    49     0   145    41    62   126    22    73   112   131    16   138    24 
  138    14   137     7    89   150    49   137   110    83    92     5    18    99   125    48   141   116     6    13    55    25    87    22    39    64    76    34   132    82    54   128   146   118   111   106     3   106    80   103    25    11   104    65   140    34   129     0    70    81    12    24   120    19    77    95   106    19    94    24 
   51     0   120    15    32    54   104   144    99    67    64   119    42    21     9   147   115   126    90    15   143    42    11   124    22   119   129   141    71    87    29   146   109    61    28    41   101   126    95    62    77    62   123   108    71    41   113    86     0    30    18    52   111    36     0   115   138   143    46    51 
   58    54    62    40    90    21   121    88    35   139    96    56    92    45   149     8    31   120    50    77   112    50   109   115    88    60    75     8   141     6    71   142    53    90   124    48    43   138   112    62     6   127    14    33     1    69    13    69     6     0    57   127   109    73    73    10    37   121   116    12 
    7    66   116    99    19    17    19    22     0    93    45    61    94   125    24   100    88    86    33    86    49   137   125    14   132    81    42    69    24     9     8   121    55    68   101   136    32   120   150    50   124    95   131    15     3   146   117   111   134   118     0    88   131    51    84    79   123   124    50    68 
   37   116    99     3    75    27    80    27    71    54    70   102    73   148   131   132   140    11    54     3    10     5   133    21   103    32    71     3     6   109   126   120    82   131    21   145    68   112     6     6    55    64    66   117   102   150    90   111    10    89   121     0   147    50    30    35    28    48   128    84 
   80   134   140   123    63    84    92    27    51    37    51    16    43     9    83    46   104    75    21   148   144   145    10   141    57   126    27    31   139    28    43   107   110    82    52   101    70   123   107   110    31    96    87    34    60    68   135    26    76   144   113    95     0     1    87    19   146   128    47    42 
   32    78   144   142   119    59   103   136    28    24   146    15   114    59   119    49    15    34    14     9   141    66    41    18   130    66    12    31    70    38    94    82    49    69     4    60   113   115    17    61   123    30    60    87   122    27   125    63    26   110   142    61    80     0    33    16   140    88   135   105 
  146    63   134   116    63   137    11    17   111   136    61    93    84   114   110    79   138    35   150    35   110    71    99    42   139    47   106    59   147    66    44   112    19   140   131   146   106    72    44   143    12   129   124    65    42   100     7    50    24   142    88   136   145    74     0   109    87    34    71   121 
   13    81    24   128    21    14    18   144    85    98    58    76     0    61    13   135   104   129   111     7    18    94    92   146     6    33    40    77    52    91    15   139   123   148    50    99    12   123    63   101    44     6    64    65   133    38   137   107    32   136    73    28   148   131   109     0    41    77   103   140 
   10   116    94     3    91   122    66   100    43    16    73    83    47    69    78    68    88    43    66    55   116   116    45    12   124     6   147    25    57   149   124    19   114    68    12    82   140    11    53    47    93    13   146    84   142   127    24     5   111   127    86   150   102    94    25   134     0     7    74    74 
  124    42    33     6    59    71   138   133    48     3   125   129    64   136   102    41    99    52    43   101    84    59   104   107   117     2   119   141   103   128    31    81    80    73   120    53     3   125   125    98     2    20    33   118     4    22    25   134    52     2   122    35    99    58    13   122    60     0    29    58 
   43    19   150   113   108    33    13    73    14    30    32   119    19     9    89    21    92   134   107   120    59    54     3   105    97    51   118   144    12    76    92   100   113    63    90   136   128    60    18    71   121    55    68    40    61    51    93   120   137    55   117     0    28    80    93   139    91    13     0   109 
   87    91   117    94    96    71   146   126   116    20   128    70   142    83    93    99    14   102    20    33    73    20   134    61    49    63   126   137    68   145     9    24    73    61   121   141   145    98    19    20    80   126    46     9    14    47   108    85    12    85    87     6   101    97    65    84     3   124    23     0 
