60

   83   102   131   114   136    90    85    60   103   124    85   127   146   136    86    72   104    97   105   109   135    88    92   139   104    92   128   118   130    97    55    95   142    67    84   105   118    69   120    71    83   143    97    76   111    67    83   122    86    61   110    65    76    80   139   123    96    89    96    63 
 1807  5396  2794   957  2320  5450  5764  1734  1094  4980   918  2115  6237  3820  2147  6055  3220  2326  5100  2585  3399  1364  1545  1102  2113  4536  3626  2721  1831  1628   838  4648  3346  2794  5260  2412  5761  4367  1925  3088  3188  2119  2845  1050  2398  3354  4018  5513  1845  4870  5278  1964  2727  5092  3653  2872  1234   769  2228  1381 
    7    10     8     2     9     1    10     6     1    10     2     3     3     2    10     2     9     5    10    10     5     0     5     1     4     9     8     9     5     2     8     6     9     8     2     9     8     0     7     6     2     3     4     3     2     8     9     4    10     7     0     7     1     5     4     5     7    10     9     3 

  133   132   144   140   129    99    62    39   127    25    65   104   110     5     6    17   106    28   112    67    51    60    67   113   134    17    56   113   119    92   116    76    96    38     3    33    45   122   131    14   114    81    32    95    14    74    67    38    59    88   116    29    77    94    40   129    29   107   114    57 
    0    65   148    33    91    88   141   138   140    94    64    65    39    50    40    96    36   124    84   114    55    56   127   104     6    41    94   136     8    97    10    40   120    82    48    68    51    39    20   109    81    10    74   148    90    87    36    27    19     1   102    73     6   140    93    90   130   135     3    41 
  141     0    91     4    20    92   109    74   129    97    77    47    25    23    75    42   109    55   130    62    61    43   132   109   139    34    61    32    17    23   139   118   147    34    65   131   126    59    18    64   144    57    91    28    29    94    91    51    28    22   130    93    74    63   108   120    89   102   131    81 
  129    14     0   128    29    88    88    13   145    19    32    91    91    58    61    16   122    22    64    52   108   101   125   136   149   106    32   116    78    68    81   141    25    96    19    65   106    76    98    90    23    18   127    59    58    80     0    59   140   125    51   118   116    20   108   111   112    34   112    85 
  135    31   110     0     6   144    38    26   111    60   139    94   116    32   128    25   110    75    95   150   110     2    21   108   150    41    52    58   143   116   110    67   100    62     5    53   141   115   130     2    49     9    95   130    43    49   136    30    20    71     8   145    26    62    13   101   100     7    45    95 
   54    98    49   127     0    34    63    24    26    42   114    53    93   102     7    17    78    52   131    99    57   127     8    57   114    24    70   150    50    25     4    92    42    46    24   104   143   143    30   124     6     2    77   138    27    80    74   145    72    33   117    45    95    71    99   113    15    26   148    53 
  104    56    54     8   136     0    85   114   103   105    60   126   103    90    70    44    62    13    39   105    73   142   111   115     2    73    81   113   129    24   122   147   115    99   115    21    10    45    84   150    37    85     8    83    63    58   136    89    23    12     7    91    39   130   120    20    61    74     9     5 
   18    82   122    14    44    49     0   112    19   116    21    21    53     6    53    57    84   145   139    51    74    18   113   107   127   142     3    85    42   110   137    82   100    48   110    67    60   146   142    67   105    64    34   115     9    82   146    83   134    71   106    50    71    80    31    93     7   113    23    76 
  139   135   100    25     9   132   118     0    97    40    98   124    81    48    95    70    51   134    93   139   131    83     4     7    63   140   110    35   127     1   100    82   123    38    60    47    56   126    89    78   149    36    60    21   111    46    44    33    60    66   123    21    67    44    36   134   116   144    47    57 
  142    51   144    47   140    95     0    93     0   116    10   125     0    60    52   101    21   138    19   101   128    73    68   148    59    46    11   143    85    38    73    96    28    71   138   117    85     9    95     4   138   135   109    20    39    47    20   109    82    28    31   130    50   137    82    23    19    52    85   143 
  131    53    66     3    73    32   118    84    82     0   115     0    12   136   103    36    96   144   126   136   118    86   125   148   116    77   146    59    39    87   145   100    46    81    24     9    32   120    30   127    89    44     1   103    84   117    69    50   114    41    72     4    99    88    74    40    94   112   143    69 
  123    87   102    55   128   108    92     9   144   107     0   150   142    83    54    25    84    46    17   130   147    92    74    34    33    39   146    49   117   133    66   129    27    82     3     0    22   114    23   134   118   108    39    77    28    31   110    38    22    20    58   131    77     6   123    68    45    85     9   144 
   78    27    96    97   139    63   104    98    62    93   121     0    43    22    94    33     1    63   138   137   141   123    24    77   139   116    34    98   143    85    12    86   102    95    52   137    33   149    14   109   146    84    76   106    58    82    13     5   149    47   141   128    10   144   139    65   124    32    23    87 
  146    83   128    80   149   116    40    24    97    15   125    35     0     6   102   102    30    43    22    51    35    93    94   102   139    56   101   146   149    83    72    78    69   149    32   145    35    56    21    78   115   106    39     2    75   149     5    60   118     1   126   100    95     6   105    16    10     2    87    64 
   91    82   143   104   143    38    82     0    65   134    47    57    57     0    97    48   119    49    43    95   121   139   100    71   145   109   138   107    43   134   102    74    59    47   132    12    57    68   143   103   142    43    68    74     4    19   103    91   120    33    65   107    32    91   104   110    38    98   141   126 
  141    30   128   136     7    55    15     8   129    53    20    79    39   141     0    10    95   116   108    20   117   134    86     8   131    81    66    88   127   127   125    89    67   127     9    51    32   130    71   122   123     3   123   103    21   104    65    42     4    49    43    25    94    72   147    86    75    16    92    36 
  109     9    48   109     1    52   113   124     0     1   138    12   137    66   105     0    10    73    56    69   117    30    33   126    52   102    73   119    27    74    34   147     9   125   131   122     9    34     3    47    45     0   131    59    94   109    27   121   125    41     6    72     3    99    50     6   142    12   114    69 
   92   125    18    94   109    46   145    49    30    88    23    72   113    95    39    73     0    53     9    15   113   130    81   141    50   133    45    78    90   117   133     8    24    78    14   147   141    86   136    58    52   150    43   118    68    52     3    20   135    22    12    44   143    34    14    65    46   137   139    81 
   52   104    88    85    75   136   109    56   117    90   138    90   118   145    14    22   107     0    19   122    33    67    81    12   137   148   144   150    33    22    94    31    63   101    20    94     9    30    98    94   135    40   123    26   107   142    72    28   121    45    46    17   138   140    50     5     9     7     5    13 
   49   147   115    33    99    69   146    45    24    62     5   105   130   104   113   101    83     3     0    43    33   137   126     5    80    79    98    20    27    92   101    16    45    82    53    28   109    19    85   146    56   136   120    22    28   130    24    99     8   144   122    25    72    33   107   122   139   143   150    11 
  134    73   149    83   122    93    64    50   112   113   114   134    62   124   148    38    56    14    92     0    73   119   102    72   147   144    75    82   102    49   107    46    62    61   130   102   116   140   138    49    99    85   142    45    43   102     2    61    85    56   112     2   123   107   103    81     4    74   107    23 
  132    29     6   143    77    77     6    49     4   121   140     9   108    94    18    53   102    12    36    34     0     9    64    76    98    53   123    22    35   107    72    90    57    73   149     9    71    29    85    90    80   126   133    67    91   125   149    45   114    63   129    73   110    46    42    80    77   145    96    73 
  125    71   112   136    65    59   136    10    52   115   104    51   100    84     4   125   102     7    89   116   150     0    93    65    63    85   150    29    94   144   130    98    45    74     7    13    13    61    15    26   104     2     5    38   135   135    43    83     8   108    69    42    39    93    64   114    87    70   126    14 
   96   136     6    10    12   126    79    14    12   130    86     5   148   113    96    72     5   126    70    40    54   139     0    45   146   136    98   134    35    39    60    42    99    99   117   118   102    46    78     5    26    69     3    81    81    44     4    91   145    37   140   132   116    12    92    84    15   125    78    94 
  105    62    93   149   146    39   130   141    61   146    41    13     4   139   128    30    27   130     8    21    52    67   125     0   101    50    89    69   141    38    76    26   103    15    23    30    93   133    46    36    50    46    92   129    96    71    74    66    81    71   103    12    64    60    39   109   113     8    19   113 
   89    20    13    23    45    40   100   146    81    96   115     2   143   141   147    83     9    80    54   130   105    54   128    65     0    20     1   100    74    30   136    19    49     0   112   141    77   104    22     3    55   129    21   118    62    94   115    72    64   147    98    13    56    96    60    39    88    39   122   135 
   27    89    72   104    28    16    46    98    51    94   148    52    85    99   105   137    69    17   116    29    47   118   127   144   129     0    45   145    60    79   118   110    88   140    93   138    97   114     0    39    32    55    71    85    43   141     2   138    73    82    49   138    34   108     6    71    12    15    79    98 
   57    68    66    65    50   144    38    49   105   148   149    89    81    73    85   149   113    13    66   138     2    65   133    43   149    41     0     0    41   143    55    97    74   137   100   128   138     6   125    90     7    50    45    49    50    38    23    82   106   122    20    66    17    64   124   106   125   103    93    76 
   26   111   127    99    25    77   142    80    18    90   105   105    17    45   139     2    31     1   134    22   140   124   119   100   117   143    71     0   110   150   150    47    73   143    68     5    38    41    94   138    44    48    35   120    48    53     7    29   120    54    83   143    49     1    61    67    82     6   115    41 
   61    96   122    12    95    19    21   117     1    42   145   141    66   137    51    47   113   138    56     8    38    18   104   150    15    84    63     3     0    32   103    28    45   145    96   126    89    56    23    64     3    35    16    67    25    88    34    68    35    54    74     8    47    11    18     5   107     6    97   127 
  127   104    70    99    43    82   133   128    55    41    52    63    35     4    92    64    39    21    73    19    86    51     0   124     9   116    72    90   106     0    33    69    59    47   117    77    47    59     9    28   146    25   145    35     0    19    13    24   112   107    50    48    40    40    46   117   100   118   137    73 
  130    91   137    85     3   142   123    85     4    51    29     1    15   110    25    96    52   114    78   144   106    28   136   101    55    22    85   113    52   131     0    42   136   121   106    88    23   124    74    17     2   109    64   122    92   106    94    23    60    86    67    24    28    22    11   104    27    89   113   110 
  100    55   138   136    41    98    24    19    61    49    63   117    41    67    11    29    98    54    17    69   150    44    75     8    24    53    25    49    19   128   136     0   144    19    59   123    98    93    40    92    16   110    99    22    67   118    88   102    15    89    10    69    71   128    83    88    89    60   146   104 
  124    22     2   131   105    41   150   129    96    27    85   146   127    52    72   123    92    74    79   101    18   148    22   118    51   127    78    55    49   109    29   136     0   142    49    69    16    70    79    76   122    98   120   125    25    41    33    36    94    66   134    70   136     2   102   121    52   109    70   121 
   82    63    12    46    53    55    41    76    54    83    85    58    80    60    77   127   110    76    57   150    65    90    98   148    65     3    72    16     1    82    51   140    64     0    52    38     1   117   128    98    20    49   130   105    95   119    67   138    26   147     1    59    51    51    64    47    23     7    58    39 
   40   118    78   139    58    83    17     7   144   122   127    66   137   116   123   128    60   140   129   141   109    33    96    64   143   144   125    92    49    51   106   129     1    80     0   112   144    11   134   147    31    50    20     3    52    46    88    40    61   131    64    60    94    94    94    67    78   119    85   115 
  125    26   120   127    33    27   113   144    28    97    14    71    30   121    67   104    22    49    72    64    89   149    99    78    32    80     5   120    77   103    52    97   122    18    76     0    24   130    85   148     7   106    29    37    80    59    85    95   137    97   149    12    44    41    30     4   134   107    99   127 
   25    89    86   125    45    78   142     6    75    14    49   124    76    77    57    27    69    98    53    74    36   129   107    97   103    18    80     4    22   125   111     2   120    37   134     7     0     6    96   123    27    54    29    29    89   145    93     7    51    67   140    75    82    50   137     3    35   132    98   109 
   59    56    52   128    24    50   116   100   109    14    95    30    80    67    62    19   150    28   124    88   116   126    29    26   129   123    92    29    14    36   108    49   139    84    12    85   150     0   140   119    79   119   141   105    21    62    74    79   131   150   127   106   130     2   102   110    21     9   137    90 
   84   141    79    34    40    18    22    93    37    80    46    96   135    48    95   149    68   122   124    50     9   123    70   116    85     9    92    42   132   106    17   102    11     5    23    78   119    11     0    68   135    65    26   132    68    61    18   146    40    48    23   103     2   110    51    71    61   104   108    74 
  104     3    10    48    13   101    97    49   118   130    87   148   124   120    62   144   121   142    80   118   143   129   130    61   126   129   121    63    82   144   126   107    60    89    35   132    77    51   116     0   146    74    89   115    78     6   135    74    59   127    13   142   109    88   128   104    21    39    56    85 
   86    58    88    88   122    43   131   109    89    12   109   117    66    11   121    80     8   137    95    20    31   136    32   106    36    68    94    76     2   103    67   126    43   143   121    41    43    13    43   127     0    23    38    85    84    89    46    46    39   145    33    77    88    64    23   101    50    41   105   141 
  123    23   138    37    87    60    61    71    29    51   115   119    77   121    84   104    94   114     5    10   113    12   129   134   113    72    77    30     2    27    38   139   116    38    93   125   142   112   117    16    88     0    69    44   140   103    26     3    86    35    61    58   115    57    57   109     0   105    10     0 
   84    68    49    71    20   105    31   120    85   145    98   135   100    80    78    62     0   101    23    68    71    76    19    35     9   105    33    88    67    64   129    84    57   147     8    91   137   148   111   107    78   129     0     7   111     9    55    82   113   144    38    92     0   133    90   111   113   134     2    36 
   88   109   150   140     2   133    64   113   135     6   143    78    32   112    91   131    20   128    92    93    86    81    69   133    68    22    82    25    28    99    35   116    86    67   141    65   115   110    12    64    59    46    21     0   120   113     1    61    62    45    30   114    26    18    22    79   131   144    38    91 
    6    66    40   146    37   102   131     5   115    72   143    96    49    29    40   142    20   127    70    17    60    80   118    55    17   120   111    73    85    72    55    38   109   125   146    52     9    72   112   144    42    56   139   117     0   121    18    99    76   137   135   137    56    29    57    45   140   121    28    38 
   84    51    23    35    84    85   132    38   141    76    62    31   128     0    72    59    96    60   147   146   103    19    97    67     7   119    27    27    26    60    43    11    57    96    78    63   124    33   123    75    59    90    24   129   127     0   136    25   118     5    38    38    70    81   138   147   134    71     6   141 
  137    31    71   130     5   140   104   113    74   123   109     8    73     8    14    63    77   140   123    72    66    13   102    89    48    10   115    85    43   149    96   145    48   112     4    29    76   132    28   128    94   139   140     9   147     3     0    73   122    22   136   145    22   146    58   122   103    17    52   118 
   26    16    76   150    45   101    59   129    95     8    78    61    95   141   136   118    25    42   125    60    31    68    95   130     1    92   102   100   108    61   118   147   127   123   132    79    54    21    99   126    76    70    81    18    19   116   123     0    83    12    27   129    82    38   116    73    51    65   149    96 
   57    12     4     7    36    60    34   104   119   136   142   120    82    69     4    65    57    21    36   118   138    63   130    45    68     8   103   128    29    81    59   112   115    54   101   147    67   141   104    66    94   130    10    73    24   145   141   147     0    90    98    41    36     9    13   136    79    84   122   135 
  105    69     2    40    32     7    83    73    74    93    35    77    24    90   139    86    78   136    62    30    29    85    62   132    28   137   140   131    31    81    74    34   118    30    36   113     5    41    63    47   105     5    40     3    19   139    97    66    98     0     5   101   126    88   113    37   104    84    91   120 
   14    84   105   127    97    10    36    47    74    20     1    80    46   139   113    37    54    10    11    70    27    95    70   141    34    39    38    63    72   147     8   139    56    70   130   149    88   100    57   124   143    79   144    29   123   111    70    79    91    89     0    88     6    65    35   105    93    44   102    42 
   66   143    18    94    49     3    78    67    71    86   119     1    75    94    68    78    52     9    11   146   120   122    57     6   143   134   143    35   108    51    16    85    36    11    29   114    12     5    88    86    12    46   148   122   113    80   120    90    14     1   136     0    36    48    64    90    89   139   139    38 
   32    28    60    30     5   120    58    16    47    42    47    26    16   138    13     3    63    91    89    60    91    79    34    68    58     2    20    97    16    32    44    62    29   121    96    49    21    16    38    70   126     7    89    24    95    17    98    47    65   100   100    39     0   144    52    11   140   116    50    75 
   98     9    27    79   108    25    79   114   123    72    19   127    30     4   135     4    32   100   129     0    19   103   124     2    22    68    69    99    15   120   138   141    84   100    25    22    44    47   135    36   133   145    65   117    68    40   123     2    11   141    60   101    40     0    62    43    10   120    15   136 
   64    52   129    18    40     7   101   139   135    34   118    41   113   101    94    24   141   105    72    50    99    67    23    86   106    42    75    82   128     6    87     8    13   145   107    25     2    28   140    78    46    17   136    85   129    54    83    87    81    54    12    73    35    30     0     2    34    75    13    54 
  110     5    17    92    92    16    74    68    45     3    79   109    62   150    96    55    92    97     5    79    81    83    78   134    39     5    70   130     7    30    36   132    61   125     0   116    17    41   132    45    89    29    18    83    42    99   129   111     2   125    43    54    15   107   143     0    67    58   144     1 
    5    12    13   143    66   127     5    45   133   126    67    43   110     6    34    96   125    26    69    10     1     5   144    10    15    61    87    14    48   142   113   136   125    18   147    15   108    76     3    16    12   132    48     9    53     2    19   144    55    14   104   100    74    44   117   136     0   130    99    25 
   25    98   143   147    61    54    84   130    32   103    24    62   138   106   102     4    14   101   100     4    80    84    48    72    61    62   120    99    17   141     6   120   132   149    86     0   105    21    71    60   144    80   120    61   141   149    50   121    96   146     3   134    95   119    73   133    73     0    78    78 
    4   133     2    97   120    65   145   109   143   106     2   126    17    37    93    47    83    80   128   130    84    17   110    20   100     6    28    79    10   138    85    84    15   127    20    62    83    23   131   106   109    97    50    14    95   109   125   117    24   135    89   109    45   107    17   128    68   147     0     9 
  105    13    55    82   115    25   100   146    62   101   102     4    25    26    16     8    46     9    26    94   134    56   100    99    66    75   102    40   130    45    77    47    82   132    42    25   144    13    76    17    19    87    14    83   121     0    66   101     1    17    43    81    75   119    29    49    68    61    89     0 
