60

   81   100    70   121    50   104   138   108    51   129    84   141    78    73   132   111   138    76   131    64    52    84    98   136    56   147   148   149   100   119   123    51   114   132    99   146    75   118   116    88    76    50   108   128    56   144   143    66   101   114   118    95    77    51   129   130   134   121    68    72 
 4408  4627  1020  2275  1516  2343  4103  2582  2816  2162  3097  5114  2083  2812  1965  2800  1327  2442  1873  2313  3080  5228  1209  2036  2683  2642  4387   857  1505  5416  2012  2613  4747  2762  6163  2830  2689  3138  1873  4174  2681  5625  2253  1010  2662  2085  2207  1463  2199  2551  2662   936  4686  2149  1754  4179  1916  2023  1464  4337 
    7     5     2     6     4     8     9     2     4     4     5     7     3     9     9     8     8     0     4     5     3     0     6     1     1     0     8     1     1    10     4     4     6     8     8     0    10     7     2     6     5     3     0     6     8     7     5     6    10     0     8     4     6     9     5     2     8     0     4     9 

   52   116    35    76   127    13    93    32     3    66    47    52    93    12    13    10    77    13    10    15   105    51    82     3   101   135    25    93    58   134    86    97   131   117   125    24    50    85   101    50    39    38    92    26   144    62    64   116    30   125   129    77    25    25   119   129   134    41   109   149 
    0    50    69    78     8   106   106    12    88    68    87    33   107   121   147    67   150    80    53    76   112    80    23    46    54   114     2     0   124   147   103    36   119    50    18    80    32   140    71    54   122    41    58   146   125    44    29   127     6    87    29    85    43    21    49   123    61    37    92    85 
   29     0   123    34    70   136   127     8     0    57    22   138    95    34    49    90    85    53    47   147   134    90   127   116     8   117   137    43    85    79   100    35    69   109    78   123    68   148    97    84    83   114    77   115    38    60    75   125    32    93    13    61    97   113    74    41    39   135   110    21 
   34    69     0   150    33    36    15   149    69    91   134   140     2   136    96    80    39    29    58    19    70    36    21    38    36   102    20    51    23   128    92   100    50    61    51    77     6    83    25    89    49     8    46    30   122     4    62    37    71     7    95   135    14     4   149   121    34    30    26   106 
   73   102    70     0   129   123   111    32    30    83    27     3    46    99    49    28     9    76   147   124    21    92   150    28    68    25     0    59    78   128   125    30    76    24    41    38    32    66   108    22    12    15    33   141   139   132   137   130    56    65   125    64    34   143   126    90    63   135    98   143 
    5     3   138   108     0   120   149    10     6    35    33    85   114    28    17    19   121    62    80   112    25   133    30   103    39    94    34   116   133    36    59     3    85   136    52    73   104    11    41    43    27   128   130   102    20    14   112   120    59    13    67    85    39    59    58   105    57    15    93   135 
   14    86    37    76   109     0   130    24    20   112   100   150    28   148     7    93    75    67    25   104    95    72    67    74    32    54   115     8   110    29    35    87     5    17   128    45    11    56    38   131    55     7   119   131    14    89    83   129    71    23    12    72    89    88    84    22    36   137    56    36 
  109   103    69   122   134    65     0    30    20    49   135   122    38   115   129    34    14   149     7    41    38   135   125    57    23    27    22    81    12    52   108   116    40   124   106   132   115    16    30   111    24    87     5   133    20   104   105    62    19    35    87    11   137    14    85   103    38    31    88    36 
  138    35    86    39    98    20    90     0   145   142    86   142    23    75     2   148   111    22   150    38   118   142   122    15     4   100    31    67    67    73   101   114   127    22    38    46    66   132   132    16   140    35   148   109    27    50    53   115   134    74     8    61   101    62    44   133   140    25    50   136 
   54    44    98    40     3    25    98    64     0    43   133   116   143   120    17   131    92    13   114    36   112    82   121   111    46   124    57    52    25    81    11    14    82    37   108     7   148    63   142   111    41     6   122    37    46   123    38   142    53    50    57   104    46   143   142   128    93    23    99   141 
   70    71    73   112   129   121     4    72   134     0    34    81    37   141   129    10    21   139   123   147   117   149    25   103   113    37    91    53    44    37     7    78   100   125   146   107   139    91    13    59    11    12    57   122   111     3   141    13   115    65    24   133    95    88    59    57    89    27    96   147 
   24    92   101    26    87   122   115    40    85   119     0    44    69    50    71    66   129    10    79    13    66   111   110     1   122   123    72    95   150    29    66    27   148    24   146    81    53   118   100   134   131   117   107    77    45    13    57    55   150    62    30    94     0   102   136    82   105   121   139    73 
  146   150    31    38    53    15    88    30    27   111   139     0    96    61   116   109    96    22   137    58    80   100   117    65    65   136    29    73    53    63   146    52    27    81    84    40    61   100   126   105   142   103   131   133    78    96    38    29    18   145    79   117   135    83    66     3    54    87   113     1 
   99    30    95    12   110   121    37     4    33    93     5    35     0    24    70     6    75    47   133    79   140   128    91   103    71   147   104   141   132    76   112    93   101    45   130    69    24   113    33   136   104   127    60    10     3    79    91    34    63    64   132    67   131    92    58    92    35     1    81     7 
   64    32    96   104   142     7    78    15    41    49    74    17   123     0    34    16   129    21   144    61   123   130    78    64    66   133    94   119    36    23    53   107    18    45    25    69    17    43     5   121    95    83    40    74    88   148     9    91   136   145    97    66    38   118   129    68    50   138   140    54 
   86    37    24    47    71   146    71    22    26    60    28   119    80    91     0   115    53     1    80   121    95    77    56   110   142    70    77    28   110    45    72    95    37   143    35   111    11    80   114   140   135   102    35    24    99    59    87   132    60    18    60    50    18    89    65   112    84    64    46   113 
   99   149     2   132    50    74    75    94   121    74   120    15    90    14    65     0    16   142    91   107    39    21    83   137    70   113    92   110    19   100   142    63    48    93    25   117    99   120    33    86    25    68   125    36    49    71    84    47     3   150   127   144   133    98    65   120   123    64   132    73 
   15    45   146    39   107    55    83    66    43    77   121   129   105    46    62   148     0   148   149     5   140    63    78   148   112    99    31   149     6   129    43    61   150   111   124    71    27   112    40   128    25   124   116    49   124   148    96   120    36   125    53    63    60   107   109   119    94    59    30     0 
   60    79    62   130    26   137    27    45   104    19    55    55    21    50   139    59    75     0    11   141    70    85   122    91    92    19    62    95   127   146   129   136   117    34    97   150    18    51   146    37    95    31   131    19    80   149   131    22    65    18   136    88    69    30   138   142    33   141    37    45 
  119    23    59   110    51    14   127    69    42   127    46    40     4    13    12   111    52    72     0    77    23    26    89    60    48   134    68   145   149   102    64    66   134    74   147    30     8    35    22    95   117   123    68    97    75    73    57   144   128    40    87    15   137    28    29    15    17    99   144   117 
   52    20    47    37    16    34   119     8    28    82   139    15    12    35    20    22   145    77   104     0     5    73    93     2    66    81    68     1   141   120    30    77   106   142   149    79    16   104    90   120    36    78    43   134    66   101   101     0    33   101    91   142    25   148    79   147    34    93    39    70 
  105    90   145    32    43    17    78   125   107    89    13    22   131   106   142   147    96     7    73     6     0    14   121    61    20    50   122    12    72    56    69   122    97   148     6    46   129   141   110    84    90     3     4     8    31   103    33     5   110    54   109    50    51    17    77   117    67    38    97   148 
   26    13    29    76   130    97    92    75   143    47   144   143    85    91   141   149    54    45    69   131    97     0    31   121     9    37   132   128   104    46    89   137    88    74    75   108   118    15    99    33    51   119    16    36   127   112   111    32    91    17    44    58   114   131    85    56   118   120    29   104 
   68    48   147    30    88     4    24    73    12    16    18    33    23   106    85   136    85    38    61    28    11   149     0    24   106   114    54   137    34    62   108    78   120   122    15    27    44    93   135    98    37    50    32    98     1   137   137   126    14     9   109   147     9    48   113     1   135    38    28   106 
  106    59     9    36    42    58    95    37    13     1    45    44    44    63    35    77    71    75    89   127    23    82    41     0    28   150    10   136    37   147   110    39    45    40   128    26     2    16    73   126    74   142    19    39    14    45    76   125     9   128    70    52   105   127   147    58    33   117     6     9 
   41    90     7    81    65   142    42     7   136   107    71    17    64    36   124    42   125    88     3   104   140     1     3   143     0    57    35     1   118   140   139   122   121    24    55   104   125   115    95   135     4    14    34     5    91   117    27    77   141    27    72     7    13    25   129    64    92    98   146    93 
  128    91     3    89    63    94     7    37    35    20    95    93    95   106    78    72    27   142    22   136    85    30    96    70    25     0    42     9    95    55   149   100    14    33   114     8    47    47   125    96    89    26    56    98    35    23    94   148    53     2    40    81    17   128   134    50    47   101   146    51 
   12    36   102   103    33    36   137    17   107    73   130   106   127   128    62   112   102    31    17   101    26    69   108    62   132   101     0    23   104    94   104    61   148    99   136    58    95    49    81    87    22   127    51    94    53   145    39   142    11    19    47    15    33    53    39    53   105    18    58    24 
  114   101   131    70    88    25   128    13    94   123    16   109    93    34    59    33    57    14    76    79    26   147    97   146    10    35    21     0   126   141   138    56   106    90    69    59     2    33    49    83   130   123   111    11   149    91    77    17    91    44    17    62   143    82    23   134    41    24   145    41 
   76    41   123    13   104    61    26    87    25    11    41    57    54    43    80    17   150   119    87     4     4    83     6   140    59    21     9   109     0    68    27   139   114    21     9   128   100    87    71    95    95    27    66   136    52    17    62     3    28   122    93    76     6   111    66    25    44   126    59   148 
  129   110    92   134    59    52    62    41    19   101   137    26    11    62    25   132    27   120   149    12    92   132   132   113   114    30    35    91   130     0   127    25    58   120    49    64    38     9    23   121   142    27    75    73   128    47   140    56    51   111    39    51   148    27     0    65   134    62    53   145 
  149   131    64    67   131   127   117   140    18    80    66    56   100    52    41   107    48    50     5   101     3    48   130   131    96    23    90   147    66    84     0    23    78    75    16     6   118   132     6   135    71    82    92   128    82    87    84   143   137    61    57   114     7    21    68    87    91    49    11    24 
  130   134     6    44   128   130   150    92    49    97   117    70    95    20    67   116   129    23    61    21   133    20    95   102   143   123   103    13   120   145    70     0     8    21    64   127    14    88    76    28   143    42   141    58    27     7    87   132    90    88    43     3   134    58    72    51    83   110    56    10 
  129    12     3     2    36   101   105    85   102    18    76    13    51    97    50   101   149   143    58   139    22    52    11   139    55   120   111    54    73   144    99    47     0    75   118    78   114    83    31    67   104     0   100    12   106    41   116    84   142    21   106   120    93    29    80   143   145    36    32    85 
  141    13    45   130    61    73    54    67    89   115    90    69   120    71    96    99     1    36    92   125    67   137    76    95    36   100   103    71   129    35    52    77    28     0     8    31    80   130    36    64    82   108   125    29    36    79    89     2   139     8   113   108    48   143    16    45    49    78   112    35 
   51   101    43   144   114    87    94    19    33    16    76    59   131    70    76    34    12   106    48   115   132    91    17    70   122    96    44   130    54    72    64    69    81    85     0   128    49    98   123   144    55    21   115    58    86    67   135   102   148    27    69    47    25    13    90    94   142    22   126    25 
  103   135    73   123     3   145    43     3    18   150   143    96     6    90    82    19    81     9    10    10    45    29   147   114    31   110    12   131    73   141    77   146    12    55    46     0    91    18    53    66   150    75     7    78    34    37    23   123    75    30   107    95   143   102    64    96     6     8    30    47 
  100   143    90    95   133    85    89   121    80    93   145   141   107    83    36    10    94    64   144    25    30    44    90   119   103    78    79    41    15    77    89   105    86    87    92   134     0   120    28   139   107   122   136   123   131    77    15    53   138    57   118    15    25    66   137    32    52    63   124    45 
   31    45    20   111    33   121    27   116     2     7   102    60   129    82   140   119   119    36    62   143   146    87   140   124    72    33   140    53    57    45     5   135   115   148   101   122    64     0    94    97    32   114    19    76    58    42     6    32    25    94    42    28    84    31    73    90    38    31    16   111 
   17    83    82   139   109   124    76    91   119    57    65    74    55   139    36    97    76    79    55    60   111    90   130    69    37    67   103    77    13   118    32    88    44   114    91     6   104   144     0     8    17   140    80    20    54   135    62    34   122    18    99    45    29    10    79   144    49   148    57     8 
   34    83   124   134    23    11    95    97    51    27    70    64   117     2    10   108    80   132     4     0   101     9    37    82   116    54     9    41    85    47    83    47    18   139    82   149    39    22    20     0   131   103   126    19     6    11    24    60    74    64    30    53     9   117    80   103    69    61   147   123 
   13    42    90    80     2    77   110   109   104    92    16    30    71   106     0    67   100   113    17    57   118    85    69    97    62    51    83   143     5    39    25    58    60    60     5   101    79    45    33    80     0    56    14    16   141   118    46   124     0    18    72   115     9   129   143   146    65    22   108    82 
   11   144   114    75   106    34   139    61    24   149    59   143    74    38    47   101    12    55    88    86    44   135    54   129   140    31    95    91    73    86   130    87   143    70   126    93    89    67   122   143    61     0   103    74   105    42    28     8   125   137    59   143    92    10    68   150     3    47     5     4 
   20   136    86    49    34    88    99   127    74   119    45   145   118   135    56    48    13    10   131   135    56   127   126    53   118   130     8   111    13   133   119    60    11   113    56    47    27   143   141    52    21   106     0   118   104   147    34   133    24    37    90    51   114    73   100    89    96    64    75    28 
  125   105    44    16    66   137    96   147    99    39    65    14   135   112    99    65    55    30    92     8    75    59   123    33     7    75   103    35     5    13    69   116     5   112    75   147    20    58     5    56    14    13    83     0     2    85     6   114    64    66    81   138    96     1    63    69    49   110   124    51 
   12   146    39    89    95    90    33    63     6    68    18   106    48    37    20   126   129    71   140     5    43    86   118   132   105    37   118    11   135    65    59    42   144   116   142     9    47   135    89    95    16     4    30   125     0   110    31    94    50    47   139    30    94    52    95   109    70    47    72    11 
   46    97    80   127   124   120    36   104    23   115    23    22    22    23    42    26   142   123    13    39   118   103   123   150    73    59   113    42    87    14    19   140    29    75    15     4     0    22    29    39    28    37    32    77   150     0    72    39    60    38    99   111   134    90    61    32   118    55   106    82 
    6    94   142    58    51    79    76     5   135     8   140   101    57     1    80    81    40   113   122    64    36    19    11   143    45    10    83    87    94    45   130    51    42   145    70   127   141   105    44   140   150   122   100   125    53    71     0    20     0   136    65    24    61    38   145     9   150    27     8    41 
   25    20   124   118    20    52    91   101    29    14    20   138   103     9    27    98    10    46   144   105    78    93   127   105   147    55    55    60    20   130    72    70    47   145    61   114   101   136    34    59   127     4   138   138   141   142   105     0   133    36    93    98    85   110   117   136   137    96    69    82 
   73    60   148   130    56    82    48    97    50   112   144   122    91   118   133    45   129    50   120    81   124   149     2    27    97    15     1    80    14    49    28   129   135    26    95   114    80    52   144    80    19   100    13    92   134   106   108    91     0    32   118   148    34    52    63    77   147     1   120    18 
  146   133    64    36   100   104    84    11    85    64    97     6    56   117    93    94   121    55   106   136     5    74    23    47    94   145    98    17    46    75    80    57    74    88   139    65    10   104    26   136    48   121   142    30    83   111   127    48     7     0   107   150    45   140   122   147    64    79   132   103 
   48     9    57    82   111   137   104   147    68    32   125     3    13    46    14    89    71    10    70     8    88    78   144    45   105    20    24    37   113    91     4    64    56    72    97    52     0    16   138   116    62    23    49    85   150   122    25   106    76   122     0    98   112   121   147    62   126    32     6    81 
   33   100   147     5    98    58    76    76    67    55    15    42    81    31   118    23    10     1   143   114   103   139    53    97     3    91   131    12    67   119    35    98     1   141    69   143    98    28   116   100   138   125    19   138     2    98    89     2    24   106    43     0    37    42    49     4    37    56    32     5 
  140    59    46   103    71   103    77   117    31    66    33    72    57    50    41   125    48    14    53    16    28   117   138    76    64   112   139    55   124    44    48    31     1   128   121   141   131    43    70    57    53   100    97   141    92   117   103   127    21    75    42   115     0   114    59   134   114    72    66    52 
   70    33    14   133    66    38   140    28    50   115   111   122   147    88    46   126    98    62   144   117   133    96   150    93    43    74   150    73    97   148    16    73    69    67   103    25    74    77     3    85    24     3    79    86     5    88   109    62    98   106    32   106    29     0    25     8    94    99   137   115 
   40     6   111    79   105    97     2    23    78    87    42   145    84    49    32   104     6    93    58   104    53    51    19   113   131    14   106    21    48    68   114    45   140    22    11   147    37     7    63   114    31    22    31    20    34    19    83    78     3     8    12   119    50     5     0    31   122    86    81    88 
   49     5   146    99    72    26     0    64    42    78    12    88    12    55   128    35    46   114    40    65    31    39    20    86    22    40    43    42   125    92   110   100   115    37   108    25    37    13   106   129   116   129   128     8   135    49    99   119    33    83    74    13    83     9   130     0    20   131     2    55 
  132    45   142    97   113     2    67   131    36   109    43    26    52    58     9    57   122   105    81   130   149    18    87    12    30   128   149   121    14   120    67   149    18   118    89    45   137    34   103    41   143   147   107     7   142   100   148    92   131    21    23    55   115     3    30   148     0    20    46   123 
   84    22   130   109    67   139    19   120   117    58    83    92   130   147    96    11   127   146    26    73    62    29   126    83   147   149   124    80   126    46    51   127    40     4   101    92    54    60     0    59   112    10    17   131    81    59     7    67   123   114   125    79    69    63    13    36   123     0   119     7 
    3   136    10    37    19    48    73   102    49   114    33     3    11     2   117     0    47    15    55    21    33    24    89   137   114   130   131   125   147    86    61    22    82    85    48    66    60    28   126    97    61   116   131    63    84    43   106   107    23     4   132   100   109    64    13    86   131    77     0    66 
   22     1   107    34    36   147    71    79   148   119     2    44    10   102     6    97    19    88    54    44    78    51   123   104   132   125    12   103    70    94    53   135   116   112    28     6   148   128     0     5    73    82    29    75    94   120    49    12   114    53    26    83   124    64    42    64    24   111    49     0 
