60

  111    62    98    83   118    53   114    91    62   120   150   141    77    72   136    96   147   124   100    77    66   127    66    97   148   142    57   120   115    99    91    66    74    68    50   150   110    94    50   101    56    90    68   109    94    77    79    52   118   148   124    64    71   102   137   133   108   144    86   104 
 1741   523   626   528   535   583   518  1406   612   589  1290   502   612   615   621   584   543   513   491   557   636   577   556   532   628   554   524  1870   505   620   544   498   572  1557   523   599  1161   616   511   614   595   512   644   556   522   606   536   567  1381   511   582   540   641   625   611  1192   484   619   579   496 
    2     7     7     1     5    10     6     3     1     1     7     6     2     3     6     6     2     5    10     1     8     6    10     5     9     2    10     3     7     8     9     3     1     5     2     7    10     6     0    10     4     8     2    10     8     9     5     5     4     2     3     4     1     1    10     8     7    10     6     2 

   31    13    33    20    25     7    18     3    25    42     2    33    17    24    14    24    37    48    30    12    10    11    23    35    43     2    26    46    48    11    28     2    33     9    41    33    22    24    36     1    42     1    40    40     2    23    13    27    37    28    46    44    14    40    27    18    40     0    36    27 
    0    39     1    33    49    50    12     8    30    20    18    44     9    37     3    19     1    23     8     3    12    22    11    35    41    25    22     5    10    30    29    14    36    49    38    17    41    22    18    15     5    40    22    16    33    24     7     6    47    17     3    50     2     4    16    45    47    17    21     6 
   43     0    36    23    48    38    48    21    25    30    36    26    16    38    22    30    15    20     3    38    15    25    50    47     1    30    44     9    30    20    48    50    50     2    35    20    15    17    43    43    25    47     7    29    42    16     0    49    14    47    47    46     0     0    43    39    37     1    29    14 
   14    27     0    49    16     9    23    10    11    34    41    35    39    39     1     3     4    30    12    34    25    48    24    34    34    15    18     6    10    20    33     3    43    18    45    44     2    49     3    21    30    27     5    16     9    22    27    24    12    28    21    42    31    47    24    21    30     7    28    40 
   30    30    23     0    22     0    16    20    15    23    12    41    12    48    25    17     0     3    42    18     1    12    35    40    29    47     7    10    13     3     2    32    36     3     1    35    14    31    38    13    31     0    17    23    20     2    10    46     4     1    30    10    29    31     4    19     3    12    11    48 
   10     4    24    31     0     0     4    35     4    12    37    45    28    36    15    31    43    30    18    46    46    39    34    19    35     7    12    39    43    11    44    46    22     4    18    31    28    44    39    29     5    26    15    25    44    39    46    23    25    11    20    37    45    38     9    26    41    27     5    16 
   12     7    38    35    37     0    20    45    48     7    34    22    27    24    17     1     5    13    14     8     2    49    32    37    17    39    16    41    49    14    32    49    40    42    46     2    23    45    28    25    49     2    10    22     1    38    33    32    37     2    22     3    34    35    14     4    38    19    35    12 
   38    43    35     8    26    17     0    26    49    49    32    31     4    20    30     9    44    27    41    21    45     4    27    23     2    10     4    28    38    26    44    45    13    43    49     3    20    34    13    12    14    41    16    27     4     0    13    39    23    42    16     2    28    16    47    43    35    12     7    25 
   15    38    36    34    21    15    48     0    13    17    31    41    23    31    33    36    33    41    14    11    29     5    24    35    31    27    27    10    42    23    40     9    40    38     5    29     2    25    17    15    34    19    27    46    35    19    46     8    15    34    27    34    45    21    40    47    35    21    13     8 
   30    49    37     7    49    24    20    15     0    43    42     6    47    45    49    48     4     6    35    18    26     9     7    48     9    13    26    39    42    20    13    11    40     6    19    24    20    21    28    49    25    21    50     6    50    32     1    20    20    20    33     7    43    45    21     6    44    11    23    22 
   40     5     0    30     2    12     2     6    19     0     6    34    47    37    11    40    19    20    39    26    39    47    40     6    23    32    33    31    49    29     9    50     9    36    31     6    47    27    40    33    34     3    38    50    43     1    33    13     9    13    20    43    14    16    28     1     8    24    21    42 
   12     2    19    29    16    31    45    13    26    45     0    41    47     4    40    35    19     2    20    46    38    28    49    28     9    34    41    48    34     0    41     3    33     3    14    14    21    11    38    12    19    49    16    22    41    14    27    32    33    11     5    22    37    45    39     9    18    22    24    34 
   10    33    20    12    19    28    35    44    33    43     4     0    12    12    40    37    33    19    41    34    50    16    16    40    28     6    36    36     7    41    17    42    18    47    33    12    43    30    31    29    29    17    24    28     2    45     7    13    50    13     4    21    23    17    21    42    22    29    46     0 
   44     9    40    25    24    28    47    48    33    25    48     8     0    42    48    41    48    49    14    17     1    28     2    21    43    39     4    17    31    42    20     8     2    40    18    33    49    26    18     8    41    14     2    34    26    40    11     3    25    48    37    22    34     0    49    20    28    38    26    27 
   30    21    18    43    23     8    18    34    31    46    49    40    11     0    41    49    21    38    32    44    24    40    18     2    36    41     6    38    28    36    25    36    24    16    41    14     1    16    15    17    34     2    28    36    11    50    19    17     0     2    37    38    20     2    46    49    29     8    40     4 
   19    11    33    18    32    43    22    27     5    19    12    17     3     3     0    45    41    40     7    48     3    28    42    19     0    11    42    50    22    41    38     9    37    16    50     4    50     4     6    14    39     9    10    26     3    46    50    28    31    15    46     8    16    41    34    48    37    19    35    17 
   42    23     7    35    24     7    32     2    23    45    38    49    47    27    38     0    30    24    14    40     3    37     1     0    41    21    34    22    25    20    48    50    50    46    30    41    25    29    27    41    46    25    38    45    45    17    27    37    10    17     9    42     2    37    11    21    24    22     3    31 
   15    14     9    37    17    46    48    27    14    47    38    33    22    50    15     2     0    32    46     6     0     4    29    10     4    21    19    36    36    21    13    24    49     3    35    38    24    13    40    15    19    45    37    10    27    48     7    47     4     5     3    40    33    23    21    25    21    36    32    14 
   34    38    43     2    43    36     6     3    24     9    30    26    46    14     2    35    32     0    34    14    45    22     7    48    15    12     7    30    50     1    19    23     2    37    26    34    36     3    48    33    15    39    35    13    12     2    14    25    32     4     0    35     6     3    42    18    42    11    12    16 
   38     1    37    34    16     9    20    30     4     4    49     4    13    35     7    36    36    38     0    44     8    21    32    49    24    19    35     8    42    20    24    20    49     2    42    34    38     3    28    19    40    23     0    28    44    18    27    11    38     2    30    27    38    17    33    50    20    13    26    25 
   11    29     0    38    50    46    16     2     0    38    20    37    17     1    42    36    23    15    33     0    31    19    26    25     3    38    17     2     6    32     8    44    28     9    31     1    38     1    21    29    47    41    26    44    27    23     2    17    43    46    31     2    12    13    49    18    26    21    18     6 
   45    32    47    38     5    14    48    13    25    14    10    41    32    16    39    43    19    39     1    40     0    16    13    32     4    31    13    14    40    41     9    23    17    45    30     9    31    43    17    21    35     3    23    47     5    45     1    50    17    37     3    13    48     4    45    23     8     0    27    28 
   16    16    34    35    23    15    16    17    17    50    43    16    14    37    15    29    41    16    29    36    29     0    16    44    21    13    11    12     9     7    34    23    50     0    31    43    30    16     3     8    15    31    22     3     4    41    47    18    50    20    44     7    33    31    48    11    29    17    34    33 
   18    33     5     8    38     6    45    39    24    43     4    11     7    31    47    38    25    13    38    32    14    30     0    27    33     4    12    17    22    12    24    32    29    37     5    19     6    45    26    14    37     1    32    39    24    15    14    26    10    44    12    47     5    46     5    13    16    41     9    25 
   28     0    22    17    13     3    40     4    42    28     2    23    45     2    50     1    40    47    44    21     0    27    44     0     4    28    23    34    15    28    10    48    46     1     0    22    12    30    44     7    47    36    19    27    34    17    26    39     3    29     4    23    50    42    19    34    10     5     6    11 
   15    46     2    34    28     1    22    13    18    12    34    21    25    35    16    40    20     2    39    38    22    11    41    22     0     1     3    23    29    19    19     9    23     1    29    12    34     5    21    28    50    30    39     7    12    44     3     7    20    17     7    11    11    29    30    43     5    41     9    17 
    9    32    30    37    47     6     8     0     6    40     1    14    27    28     8    14    16    47    11    34    15    23    50    39    32     0     0    50    14    29     8     2    22    11     2    47    25    46    31    29     9    28    47    16     4    49    30     9     2    11     6     3    41    47    33     9    33     3    23    20 
   36    44    25    32    39    22     0     2    21    35    26    38    42    30    31     9    22     2    25    37    28    28    43    47     6    43     0    34    13    13    40    44    28    27    11    29    43    31    28    44    19    20    44    11    17     9     7    25    34     1    33    22    11     6    11    26    15    16     4    30 
    3     1    36     2    41    16     4    31    14    33    21    25     4    15     8    38     3    24    25    49     5    36    41    42    46    44     9     0    10    40    26    24    36    22    18    16     3    45    12    35    15    47     2    18    20    22    33    47    13    19     3    13     2    33     7    35    36    35    41     2 
   23     4    33    24    13    50    31    22    39    42    15    41    40    24     4    42    47    13    47    39    37    24    15    34    10     1    37    17     0    39    16    37     6     7    25     4     0    49    47    30    35    15    44    41    28    33    25    39    15     7     6    27     5     0    42    10     9     7    45    14 
    8    12    32     1    36     1    32     3    35     3    47    37     5    27     7    19    45    25    45    26    31    21     7    12     0    30    13    43     9     0    29     3    39    46     5    24    45    44    29     5    16    40     2    48     9    45    31    12    44     5     7    23    22    17     3    46     8    47    41    11 
   11    25    46    16    10    11    34    24    39    16    17    49    44    34     6    45    31     4     8    13    49    22    48    32     1    28    18    11    33    19     0    41     7    38     5    15     0    10    47    35    23    42    25    43    38    11    14    22     6    11    19    36     7    36    26     9    50    30    29    22 
    0    25     4     5    35    15    37    41     0    15    24    10    24    40    23    46    13    50     2     9    14     5    37    45    35    41     1    16    26    29    42     0     3    33    46    33    36     1    13    32     2    33    12    15     8     6     6    29    12    24    23    18    25    37    43    30    35     6    30    17 
   21    47    14    45    47     6    14    34    29     4    32    44    24    22    46    14    35    38    50    44    13    10    50    44    12    13     4     1    14    40    22     2     0    10    28    10    48    27     7    19    23     1     5    49     3    27    28    32    50    22    19    44     6    47    49    22    46    13    38    35 
    3     2    41    16    34    28    21    25    28    21    39     8    11     2    49     2    44    26    29    29    19    20     8    41    48    40    19     3    48    41    10    20    46     0     3    26    46    27    50     2    23     3    23     4    49     5    50    44    26    45    21    41    49    31    22    11    47    18    49     3 
   37    45    31     4    19    44    32    14    50    36     6    49    13     2    17    41    28    11    24    46    48    23    43    40     4    34    40    17    37    26    27    17    17    10     0    33    19    24    31    24     8    16     5    23    34    48    32    40     8    27    36     6     3     6    17    43    48    50     6     6 
   40     2    31    22     8    29    12     5    44     4    45    44     7    43    48    18    43    50    34     3    21    33     6     4    16    31    45    48    18    14     0    25    21     7    29     0     6    34    21    38    11    20    35    45    14     9    45    41    50    25    48    23    13    43    30    19    16    22    19    18 
   49     1    27    49     4    46    41     5    25    48     2     3    10    18    41    21     1    26    29    48    15    44    50    47    45     1    27    11    32     2    23    50    44    31    39    22     0     0    39    33     7     3     1    16    18    16    47    25    16    10    38    42    17    13    26     0    50    36     9     0 
   25    22    20    43     0    20    50    15     6    25    40    36    26    26    14    22    46     8    32     9     9     5    16     1    20    43    18     4    22    46    10    24    22     2    35    30    21     0    22     9     6    14    32    10    32    36    41     2     4    31    26     7    22    32    40    49     4    10    28    30 
    4    25     7    40     5    32     4    37     8    49     6    36    21     5    29    27     2     8     6    43    15    44    37     9    28    28     8    36    27     1    29    46    47    47    23    18    32     7     0     9    32     9    10    12    18    30    16    10     1    23     9    30    48    20    48    19     5    44    38     6 
   18    46    41    32     1    34     6     7     2    41     1    33    15     8    44    35    11    22    25    41    24     0     9    24    41     7     0    40    45    18    37    22    30     9     2    41     6    46    27     0    26     2    35     3    49    37    16    26    16     4     9    26     5     2    48    21    37    20    33    20 
   29    14     0     1    24    48    13    16    33    17    35    46    41    47    26    40    43     4     0    36    41    36    31    32    20    47    21    40     6    43    23    18     5     6    24    28    24    10    50     8     0    39    15    34     0    44    19    27     6     2     4    43    35    41    26    38     9    42    48    44 
   17    10    39     8    13    50    26    47    21    25     8    14    43    49    22     7    45    42     7     3    44    12    41     1     7    44    43     3     9     1    16    38    31    28    34    11    21    50    30    21    12     0    13    47     0    26    19    36    38    34     9    49    48    14    43    29    22     8     9    15 
    0    39    40    17    35    27     0    40    30    45    34    46    11    26    29    15    14    22    34    22    38    31    11    12    39    30     0    47    47    41     5    37    21     2    37    38    11    40     0    19     0    20     0    39    18    34    41     0    34    43     0    14    46    37    42    16    38    36    25    15 
   10    27     3    22     9    50    44    17     0    37    25    37     9    11    22    10    42    15    39    43    18     1    37    17    21    41     1    39     9    44    18    40    18    11    33    13    27    20    36    42     8    48    28     0    15    16    35    47    45    48     4    37     4    34    47    18    28    18     9    36 
   46    19    15    34     3    18    11    35     5     5     9    22    15    14    23    20    13     3    38    10    17    19     0     9    15    11    32    30     0    38    19    16    35    16    43     5    28    29    18    50    16    25    11    22     0    25    33    43     2    12     6    43     7    43    30    27    47    40     4     2 
   43    27    21    16    19    21    48    43    50    38     1    18    24     0    37    43    17    33    28    46    29    49    10    45    24    14     5    20    47    48     9    11    39    12     6    18    29     7    32    35    27    22    44     8     3     0     3    24    36    34    11    16     9    49     3    30    29    22    16    47 
   38    38    31    36    45    46    41    22     9    50    32    30    50     2    28    22    40    44     6    27    17     7    28    27    30    30     7    16    32    11    35    31     5    13    20    14    43    43    26    17    18    14    34    47    19    25     0    11    10    26     9    19    42     2    44    20    26    23     2    47 
   21    29     5    40    11    21    23    17    48    41    31    32     3    17     1     0    26    22    10    14    26    15     9    38     1     9    23    17    14    27    22    38    41    24    47    48     2    11    45    40    50    39     4     4    38    20     7     0    29    13    48     5    33    17    49    11    49    20    20     8 
   44    16     3    44     4    42    24    27    12     1    17    17    20    29    37     4    44    10    24    40    32    18     1     7    22    49     2    33     2    28     0    25     0    35    44    25    13    11    18     9     4     5    16     9    30    29    26     1     0    36     9     1     2    50    23    33    13    26    48    21 
   31    32    50    13     6     0    22     0    17    29     0    35    46    41     8    11    32    45     2    43    11    47    23    40     2    17    27    34    33    17    21    21    47    31    33    25    37    12    15    24     2    17    37     5    18    29    43    46    34     0    28    13    21     7    26     6    15     5    22     2 
   49     1    21    19    24    23    10    44    26    50    27    31    22    39     8    23    49    10    20    32    29     2    46    15    24    22    31    34     8    30    50     3    27    22    16    24     3    34    44    50    37    19     5     1    23    29    32    30    43    31     0    15    11    42    39    30    22    32     4    34 
   34    40    31    40    13    14    46     0    19    46    47    19    19    35    50    23     9    11     5    45    23     6     9    27    38    19    34    45    12     6    42    41    24    46    34    27    39    28    12    45    23    28     7    44     7    15     9    12    28    15    22     0    27    23     0    42     4    12    44    31 
    0    47    22    14    23     5    20    49    22    44    23    39     0    42    33     3    22    14    50    32    28    47    18    25    23    45    50     1     9    40    49    44    46    31    45    27    12    42    49    10    43    48    36    28    34    49     9    28    36     1    27     2     0    15    49    42    14    36     9     3 
   49    28    40    17    35    34    46    42     3    21    34    36    23    32     7    19    39    30    33    26    49    11    49    43    26     9     5    10    30    13    34    20    10     9    40     5    22    19    21    40    11    35    47     6    33     4    22    13    23    49     9    17    50     0    29    43    11    34    48    46 
   38    13    42    47    11     6    42    41    40    14    48    32    39    45    50    23    27    22    43    37    16     1    27    18    20    44    11     0    22    39    37    36    26     3    20     0    11    23    45    50     7    25    11    37    18    40     7    26     2    12    34     1    44    42     0    28    46    13    44     8 
   11    37     7     8     5    44    33    23    30    10     9    47     0    12    17     6    32    49    15    11     7     3    49    13    17    34    48    39    26    26     2    37    10    11    42    18    39    50    15    16     2    14    33     7    35    36    10    33    43    39    30    26    15    35    23     0    27    40    46    47 
   30    14     2    23    45     1    48    26    21    15    28    50    37     5    36    25    41     9    14    12     5    40    21     7    16    24    44    47    48     9    39    45    13    13    26    43     6    12     0    50     2    46     8    18    45    28    47    45    22    45    48    20     5    12    24    14     0    44    15    12 
   33    17    11    43    27    31    25    12    14    41     4    24    42    15    41     0    27     0    32    47    37    20    24    37    19    41    48     0    33    30     0    39    19     0     3     3    43    17    17    36    15     2    42    44    39    17    29    38    44    46    14     6    16    47    16     2     6     0    31     7 
    8     7     9    21    43    10    34     8    45    23     3    31     5    43    28    35     5    22    12    48    44    15    34    37    47    10    27    13    10     4    13    46    31    35     8     5    47    40     6    31     3    35     5    30     3    35    35     5    46    44    31    12    11    18     5    33    11    49     0    43 
   17     0    30    18     4    16    34     3     5     6    43     5    25    41    29    44    37    23    10    48    29    17    23    18    39    45    46    41     7    14    44    29    41    42    26    28    26     9    20     7    20    14    26    43    50    12    26    15    37     0    14    42    18    28     6    41    21     3    50     0 
