60

  140    57   100    51   135   116   108    56   121   117    79    53   142   110   120    85    88   150    62   147   133   133   108   123   126   126   120   121   101   100    92    72   106    70   150   129   135    86   149    63    95   137   141   109    78    86    76    50    84   135    70   129    65    89    67   110   119    97   111    79 
  643  1885   598   572   588   716   562   718   560   612   623   658   620   587   646   669   555  1450   634   734   656   656   734   675   725   641   708   702   679   567   612   707   732   646   594  1940   632   584   573   723   693   585   554   679   601   559   605   610   553   675   594   650   601   620   631   609   614   715   652   642 
    5     3     5     1     0     0     3     1     0     6     0     1     4     7     3     0     5     8     7     4     1     4     5    10     2     7     9     7    10     4     9    10     5     3     3     6     0     2     5     2     3     5     1     3     6     0     0     5    10     9     7     9     2     0     6     1     4     9     2     0 

   68    46    81    85   118    78   150    79    45    24   115   122    92   113   125    55    17    25     4    83    46    87    74   110    27    62   104    11    13    21    99   114    56    91    70    58   147   141   117    63    80    72    62    92   131     8   131    16   124    66   109   141    96    90   105   123    73    44     4   117 
    0    59    93    54    13    36    20    53   150   106   118    44   110    61   104    13    64    29   138    59   138    39    11    93   114    63    34   148    36    69   143    10    43    57    36   130    18    59    74    28    85   100   140   134    58    71    71   129    22    23    79   129   133     9     6    43   131    55   120   139 
  134     0   117    11   143    32    50    22    99    36     9    18   110     8    79     1   131    48    52   150    90    81    32    72   100   114    27    20    90    22     3    31    18    73    57    87   113    23    71    18    40   138    13   129   148    55     1     0    53    38    12    64   119    38    67    60   118    49    91    58 
  138    91     0    97    48   102    56     1    29   107   140   141   123    28    26    58    35   132    32    98    47   128     2    56    58    81   118   140   145    94    59   146    90   129    47   137     1    38    72     8    12   110    56   121   107   116    32    82   143    79   146   136     7    80   104    20   135    18    96   131 
   93    46    44     0     3   102    62    57    50   112   134   125    27    18    67   111    79    13    87     4     3    47    48   124   147    99    72   139     8    29   113    91   123     2    51    44    68    68     9   115    72    37    62   106   114   121    68   123    74    38   116    81    77   130   104   117   126    99   109    61 
    8    99    14    94     0    51    81    99    64    84    40    74   128     0    70    28    87   109    74   101    34     4   127     1    80   112    17   117   133    10    89   130    54    85    26     4     3    19    11    53    50    90   140    92    64    18   127    77    73    68   142   105    96    10   102    63   100    42    68    51 
   70    72    34    81    61     0   105    79    22    66   137   106    63   112    97    89    65     5   115    28    40    62    19   114    14    36   123    58    95   128    29   115   118   104   108     5    91    25   130   122   135   113    95    41    21     4    68     4   135   146   102    63    17    45    70    34     2    42    44   106 
  138   123    55     9    83   140     0   117   100   128    41    40    46    80    21    14     5    17    24     1    23   134    27   140     5    33    36    59    23    95    48   123    69    16    79    46   131    42   125     3    34   117   102    61   150    51     1    47    36    15    77    63   133    18    26   147   101   114     5    10 
   65    37    21    98   119   122   106     0    61   142    31    71    69   118   120    43    86   117    22   112   136    35    51    50   125    67    52    50   104    97    35   109   149   100    91   119   112     1    98    42    26   104    93    52   102    65    11    34    11   111    25    84   102   143    82    54    97    10   134   117 
  105    82    42    82    63    12    80     8     0    93     4     0   109    86    89   116    30   133    21   122    43    45   140    21    66    19   110    19    53    43    37    96    22    29   122   108    61    10   130    66   134   107   112    40     5    10   121    59     1   145    25   136    27    24   105    79   125   119     8   130 
   23     5    29    75    81   149    97    16    65     0    37    67    67    96    91    39    62    36    34   120    32    55    28   125    23     8    70    28   146   112   134   132    39    20    98    87    93    39     8    49   111    18    12   129     4    85    12    81    45    24   111    36    75    87    59    52   149    20   114    45 
  113    37    19   122   127    37   145    96    49    27     0    25   126   124    75    33   109   149    64    23    76   122   124    82   140    46    44     4    68     8    65    24    19    66   109    65   112   135    68   129   119    85   117    84    47    81    46    57   128    98    54     5    34    77   118     0    71   131   115   130 
    0    27   108     2   114   106    13    23    94    36    71     0   103     3    65   142     4    67    57    75    38    71     4    11    36    70    79    40   102   108   142    51    64    16    76   125    32    97    20    84   127   117     5    29    18     7    81   143   110   127   102   146    16    40   110    35    37   113    69    65 
  107    15    22     2    17    69   102    72    50   137    72    34     0   104    81    26    55    67   101    52    84    60   148    34    69    34    43    39   137   114   141    88    92    29   120    28    51   146    89    91   121     0    83    38   131    62    30    66    35   119    11   146   149    24    77   137    75    72    63   126 
   12   107   115   107    59    89    56     1    81    43   117   139   122     0   130    25    25    45    64    61   135    15   135   114    90    92    49    21    85    52    60    31    52    38    72    98   132     5   142    55   109   114    63    76    14    45    47    89    60    48    88   102    66    15    16    39   108    11    61    25 
   69   141    16    20    54    29    28    88    90    13    66     2    45    15     0    53    15    10   108    43   146    49    72   121   120   101    48    58   109   126    60   116    55    56   147    78   142    15    81    69    35    15    83    41     1    84    35    80    10   108    61    78   122    83     1    81    48   134   143    84 
   56    19   101     6    43    19    52   109   140    30    32   102   108    86    32     0    41    73    21   121   140    60     5   116     6    95   103   137   139    65    19   137   145   100     4    17    56    56    17    37    79    73    93     6    73    53   112    18    57   114   137    23   119    14    64    24   114   150    58    90 
   41   134   125    25    93    17   110    65    23   107   117     9    76    53    86   114     0    45    27   107    38   138   139   110    86    92   124    93    81    30    83    77   122    37    23    24   116    77    62   139   129     5    73   115    72   135   133   121   121    59    13    72    72    63    14    60     7    10    68     7 
  104    38    94   105    29    63   113    72   130    74    58   116   109     0    26   145    86     0   131   147     7    11    84    63   117   117   150    78   105   102    60    73    61   110    59    99   133    63    57     8    71    58    10    66    28   106    12   145   110   125    84    30   144   135    82    75   143   142    35    37 
  129    62   117    80   136   147   115    30   121    42     8   120    39   131    78     5   141     4     0    80   130    64   149    87    58     6    84    34    96   146   121   144     1    35   115    43    82   108   111    88    13   146   133    62    61    35   131   121    66    26    11   123    44    86   125    64    73    61   121   136 
  132     4    41   131   136     3   141   120   103    21    27     0    88    12    42    99    19   137     7     0   149    16   130   135    75    32   120    16    86    58    61   145     1   133    13    45    21    91    27    59   130   123   120     4    88    22    19    97    99    79    70    18    34   107   126   144    12   108    36    62 
   58   139    89    53    41    49    96    18    39    94   121     1     6     5   101   118    68    59    13    27     0   111   149    61   122   111    34   118    11    59   127   117   126   114    50   132    78    38   146    55   139   131    95   120    59     3   109   130    92    91    19    24    15   116     3    55    23    79    26   100 
  113    51    29   103    37   111    49   141    27    44    30    98    87    41    81   112   137    62   122   123    86     0    50    65    70   122    54    41   145    54   138    86    58    68    75     4    67   116    23   133    32   118   144    24    91    77   118    19    79   136    11   131    79     0   108    95    35    41   128    62 
   94   105   107   116   131    64     1   115    22   111    14     2   140     4   105   123   145    96    98   129    37    51     0     1    72    18     5    75   101    82    19    94   143     5     0   148    86    78    21   137    12    39    88    97    99    25    52    57   102    40    50   144    57    65   129     5    72    23    96     8 
   32   124    80    55    30    67     3    18    92    27    55   111    77    25   148    60   127    51    78   148   115    72   119     0    74   145    31    64    17   106   114    19    81    75    72    10   118    14   123    72    29   124    70    81   106    80    90    16   140     2   150    73    60    61    38    60   129    80    21   146 
  133   103   132    34     3   150    83    56    10    81    22    12    84    95    92    80    45   123     5   137    65   147   115    40     0     2    36    82    18    32    72    51   137   131    26    10    37    94    47   124     4    19    13    27     1   140    86    27   113    86   102   131    39    85    61   105   109   134   106    50 
   51   100    76   102   144   139    56   143   109   137    80    51   133    61    30     7   138    27    48    89   103    85    25    31     9     0   106     8    30    90    60    53   127    85   125    28   120   120     0   120   123   115    70    77     6    94    52    45   113    91    79    54    20    69   104    32   127    35    67    70 
   36    42   109   123    40     3    58    27   108   110   118   108    33   150    35    28   127   115    22    14   139    87    70    73   130    76     0    50     7   102   100    46    27    77   149    50   131    21    38     2     9    94    77    63   139    92   115   110   112    90    98    11   104    74    34    43    17     7   131    92 
   59    64     5    22   139    91    70    91   132    39   146   135   132    58   143    95    25     0   112   110   119    20   141    48    54     3    91     0    48    19    82    20    23    81   140     8   140     3    75    56    66    89   147    53    72   110    88   118    35   150    29    77   117    71     6    56    83   106   128    43 
   65    25    44    92    64    97   119   106   132    94    18   137     0    76   130    32    88   115     1   137     4     0    16    96   110   110    66   130     0    86   144   113    44    65   143   146    75   144   138     6    53   146   133    78   100    72    45    84    74   127   112    83    56   104   137   121   141    65    32    18 
  139   132    38    62   130    70   121    36     8    68   144    89    61    26   102   141   121    41    34    57   119   124   123   139    58    98    95    25    93     0    98   130   132    63    43    80    71    91    88    10   125    31    64    92    96    19    30    53     7   129    55   147    34    49    92   132   132   105   122    21 
    5    16   107   140   105   131    89     6    79   130     5    81   109    86   112    87    33    63    55   143    66   133   105   108    48   107    40     2   132    93     0    11   118    24    67    82    20    12     9    55     4    36    62     2    37    78    32    75   113    15    10    67   135    92   100    89    71    26   147    89 
  115   113    12    83   136   122   116    39   147     7    58    84    35    35    11   131    40   106   108   114   128    68    35    74   145   139     1   150    43   147    75     0     0    30    10   142    88   141    89    47    32    40    29    70     2    32     1   109    49     8   117     7    46    38    92   111    53    28   105    49 
   76   120    89   100   101    71   131    34   132    51   116    93    11    68   105     2    25    75    33    14    38    69    34     9    80    18    41   130    27    73   104    21     0     8    48    40   100    68   111   107    32    18     7    34    94    36   112   150    51    40   131    46   122    75   122    96    36    85     7    77 
   33    91   120    56    92     5    40    99    21   110    39    42     2    45   106   128    36     3    25    90    82   128   135    80   127     9    12    92   102    49   123    26    25     0   107    71    59   104    74    64    58     0    26   138   145    50    40   139   116    66    16    98   118   101   100    38    23    27    50    14 
   27    94   114    88    63   110    72    79    67   145    73   100   101     7    95    63   102   103    64     0     9    46    43    99   104    24    58     2   148    96    27    93   137    25     0    51   145   114   144    54    18   125     8    77    92    84   126    79    11    14    21    69    96    26    65   135   135   121    88    72 
    1    98    92   106    10    78    26    45   129    10    42   128    49    24    72     9   118   130    29    67   146    88    61   124   105    99   122   113    53    14   116   135   119   143    65     0    12   113    65   147   112     3    60    33   126    91    45    92   101    98    76    86    66     4    67    56    34    84    93   141 
   63    80   105   106    83    41    79   112    20    67   127   141    15   110    18    11   129    61    32    36     0    38    93    63    97    47   149   135    66     7   142    37    86     5    54    30     0    31    22    63    12   123    85    86    13    74   118   108   149    12    18    46   144   135   136    94    58   130    87    67 
   54    72    26   117   144    58     9    34    55    60    65    49   117    70    43   115    52    68    82     4   123   140   117   118    45    84    56    12    21    13    76    74     2   141   126    60   129     0    44     0    50    15    76    22     0   109   148    52   149   147    35   137    30    87    20   147    41   129     0   138 
   98   116    19    75    40   143    12    80    40    28    79   123     0    22   150    10   113   110   114   105   122    17    97    84   122    30    69     5     5    15    28    31   119    74    93   140   117    64     0    37    93   101    23   119   139    12   113   134    38    34   142    94    75    15    61   103   148    47    56    19 
   19   148    30    68    76    52    89     6   127    90    75   147     7    84    80    96   125    78   110    77    60    69     0   105    73    91   108    93    32   141   122    81   130    68    69   150    19   123    42     0   138     9    58    44   134   114    58   140    65    15    24    30    15    26    13    30   135    14    20   146 
   53   116    99    50    67    78    96   104    97   150   124    16    15     2   132    75    63   150   118   140   136    81    14   125    29    56   110    68    97    59   132    56    61    66    85    71    88    30   141    95     0   127    59    84    23    23    45    22    51   132    17   134    26    41    82   121    51    10    44    41 
  113    12     3    91   112    72    32    19    73   136   103   102   143    41   106    12   103    15    80   128   113    14   100    22    31    75    20   142    14   132    92    10    37    65    50   106    75    88    69    42    12     0   102    56    20     1    39   102    72   143    50   138    64    17    50   112    91    87    58    25 
   39   140    34    99   104    83   103    83    97   149    32    46    45     2   113   132   142   128     9    56    63   125    76   138    78    16   123   135    76    70    77   104   107   115   122     0   132    44   124    30   141    85     0    82   148    21     8   133     5    75    17    86    17   113   144   144    89    44    19   135 
   68    89    18    58    56     3    94     0    91   108    19    25    74   117   135    75   140    44    95     7    98   109    64    39   106    87   120    85   124    79    79   112    13    94    77    66   123   124    51    17    37    95    58     0    82   109   104   121    72    81    84    97   105   150    23    27   134   109    61    19 
   42    62   110    59    57    37    44    27    39    50   135   145   113    73    75    53    86   130     2   105    47   112   121   104    40    40    69    34    60   110    78    64    73     8   121    39    66    43    57   107    51    80    69     6     0   136    22   141    78    87   147    72   120    79   107    98    55    17   118   115 
   23   150   107    86   145    46    62    98    97    68    71    57   144    49    66   101    42    24    18    85   108    22    92   145    72    97    54    36   137   112    68    40    46    60   110   117    47    45    63    30   112    27    64   144    32     0    82    99   105   109   146    70   128    59   100    39    44   131   101    42 
   99   148    88    37   114    29   102   116    23    15    57   148   129    44    76    20   107    68    45    27    57    43   134    79   108     6    88    97    96    33   135    77    13    63    61   116    63    57   120    47    99   130    73    40    86    76     0     2    61    45   123     7    10     8     9    35   132    76   114    81 
   98    43    44   126   141    63    85   123    40    44    69   108   137    17    63     0    15    66     8    80    66   123   125    63    52   117    71    35    68    65    21   101   143    91   128    50    88   127   115   138   136     8    21    68    88   109    22     0    58     1    84    34    20   127    49    41    70     9    17    20 
  150   122    44   146   145    30   116   139   113    10     1   133    63   103    32   104     2   104    45   136    53    81    29   100     2   130   146    14    20    57   116   130    75    52    59    40    59    31    23   143    56   115   100   103    28    10    27   143     0    72    61    96    28    12   133    33   149     9   110    25 
   95   114    32    17   106    14     9    44    59     8    69    73    53    14    39   132    90    66     9    16    42    99    66    36    84    24    59   104    34    49   109    83    31    50    76     0   102    16    81     8     9    38   144    81    74   144   114   118   126     0   114   142    54    79    86    40    35   137    92    97 
   48    44   144   112    20    22   107   149    38    82    83    34    92     5    99    19    68     6   112    29   136    78    27    69    41    16   110    73    74   142   138   105    59    79    20   140    65    98   132    86    73    68     2    40    48    91    48     0    76    48     0   137   140    66    43    88    40   127    31    33 
  109   126    39   134    92    80    61    40    48   149     4     1   110   121    40   145   120   119   131   118   109   138    31   132   126   130    75   140   104   125    43    81    76   112    95    47    31    56    93    13   102   100   127    58    36    31    28    64    67    53     4     0   120    15    50    71    97    56    88    84 
   22   125   135    61    67   110    80    49   115    22   117   122    21   104     8    73    54    41    40   120   126   134     1   110    87   150   141    14     5   103    61   122    28    88     6   104    21    93    59    79    99   140   134   139     0   108    44    33   118    35    87     6     0   128    22    11     1    24   141    21 
   91   135    27    71    22    23    33    96   104    84    77    21   144    11    29    74    93    45   133   107    46   141   123   126    63    99   136   108     8   125    72    67    84   141     5   111    49    62    18    85    58   123   142    19    97     1    52    32   115    27    55    54    53     0    89    78    14    82    86    90 
   83   103    28   124    20    49    91   104    44    96   147     5    29   116    53     9    79    31   143    49   146   127     5     6    15    48    16   122   138    44     7   133    23   147    29    96   117   138    99   125    40   115    91    99   129    88    81   111   108    96    10    23    38   122     0    85    61    60    87    87 
    0     5    41    54   135    75   119    46    96    38    87    67    82     3   123    98   141   117   114     1   107   146    59    16    23   131   147    99    57    68   149   106    59    99   141     0   130    40   143    46     7   121    20    41    18   119   117     5    94    47   137    49    84    19   147     0    40    84   113   143 
   31   117    36    37    99   121    37    66   129   115    87    34    92   147   120   107    34    82   132    72    51   143    54    13    20    54   129    71    18    15    13   134    62   109   130    32    37     1   102    76    59   146   144     3    17    88    55    10    18   124    36    74    69    44    16    48     0   125    36   112 
  123   139   140    83    94   142    97    73   126    77   114    83   100    99    73   119   102   115   139     5   128     5    29    54    82    22   139    62    93   150    25    87    75    28    88    53    51     5    60   129   116     2    80   147   114   103    35   128    14   126    72    56   105   113    45   122    50     0    80    60 
   75    73    51    72    97    45    48   147    77   150    94   136   133    64    71    20    39   103   110    57    35   130    67   138    20    90    58    27    86   150    97    41     4    48    19    88    32   132    25   130   148   116   122    53   105    43    95    60    96   102    90   130    94    96   148    46    38    62     0    97 
   21    94    33   125    59    89    15     3    77    52     8    73    21   136   107   123   131    68    26   118   128   104     1    52   121    40    52    15   106    91    90    83   122    22   115   150    10   111   105    97    13   142    22    47    48    48    47   146    94    66    22    91   118    44    19    49   134    39    16     0 
