60

   72    56   118   104    96    61   105   135   142   101   113   116    75   119    72   112    80    61   110   110   120    81    84    88   105   139   117   146    93    64    59    69    91    94   129   105   150   106    72    51   136   148   101   130   131    72   124    86    62   106   148    53    74   116   107    86    87    72    70   131 
  714  1361   582   612   623   591   695   664   598   590   662   653   667   659   598   686   623   566   733   654   591   603   675   602   649   579  1444   623   698  1446   628  2107   624   612   583   734   613   665   701   725   564   629   712   590   656   610   697   642   599  1600   719   735   689   556   641   563   577   556   649   555 
    0    10     9     2     1     9    10     0    10     3     5     7     2     4    10     6     8     3     1     1     9    10     2     0     9     6     4    10    10    10     8    10     7     3     9     0    10     7     5     8     2    10    10     8     6     6     4     2     4     5     9     6     7     6     2     3     6     2     0     7 

   10   118    91    70   117   133   119   115    89   148   110    33   127     1    89    92   124   136   128   145    61    47   115    82   132    90    59    83   110    32    17    81   101   149   101    16    35    18   111   147    99   100     2    37    13    80    17    36     4   114   150     2    82   110    12    47   136    28   116   140 
    0    93    34    28    31    42   124    22    62    99    85   113   126   115    18   119    16    94    92   125   115   120   137    78   125    44    10   114   142     5    53    85    81   125    29    58   127   122   125    52   132    69   137    57   105    21    32     2   134    47    22    57    31    16    70    13    78    30    28   150 
  106     0   125    95    80   118   131    81   105   101   109     2   127    48    71    14   126    46    69   134   145   129   143   111    28    97    46   136   106    36    30   124   150   130    21    10    98    85   129    23   140   116    85    36   112   121    74    94    53    19    98   130    13    50   135    76   106    17   124    42 
    2    69     0    28    51    13    75    35    83    48    14    40    62    48   147   150   127    21   105    51   113    74    51    33    70    79   115     9    94    31    23    24   134     7    55    63    52     1    91   121    95   108   149    75   124    96   124     1    87   126    80   102    59    76     1    98    39    92    73   100 
    2   101    34     0    71   135    42    58   143    81   105   140    10   150     8   149    91   128    24    73    96   144   117   104    52    96   133   101    30   109     4    44    41   145    60     4    77    92     4   121   100   114    47    71    62   103    30    71    83    37    31    98    80   112    94     1    77    54     7   148 
  107   113   150    52     0   149   103    18    60   121    57     6    21    58    74    29    60   110   100    68   102    82   130    87    98    52    82    32    39    52    64    69   103    33    31    34    32    63    53   147    17    46   114    82    23    76    61   107    30   139   128   114    83     8   132   138    35    78    17    71 
   48    80    67    98    17     0     4   134   114   106    71   112    83    51    44    64   107    94   112    64   120   120     8   142    22   145   133    69   129    15   121    25    92     9   149    12    54   140    44     5    65    94    84   129   122    50    17    13   147    36    66    97   106   111    62   110   108    20    19     2 
  122    15    80    37    31   144     0    21    63   150   145    27     3   146    42   122   140    19   141    74    91    50    31   128   131    41    77   134    91    80     3    56    54    37    78   101   107    85    98    88   126     9    58    65   115   131   105    80   122     5    34    91    73    76    39    75    70    17   134     0 
   27    11    17   102   104    18    98     0   150    15    28     0   132    87   135   139   101    90    74   124    94    11    82    52   149   134    69   133    90    39    72    41    75    95    12     6    41    77    71   103    61   140    39   150     5    65    52   130   105   113   110    17    36   146     9    15    29    92    96    99 
    5    42    30    43   140   146   105   114     0    39   147    35    31    26   117    47    85    64    81    69    38    10    40   126    26   114    47    33   113    17    97    75   112    19   114    81    39    23   106   130    72   112     3     6   120   104   125   104   107     0    31   130    28   100   120   143    67   149    88   130 
  122    10    69   141    18    58    71    89    79     0    56   124   110    61    96   108    79   149   146    84   145   108    79     1    59    72    19    26   110   100    24   127    53    29    54   111    81   146    40   107    90    12    25    95    50   133   105   109    84   105    99    30   148    88    18    17   110    37   141    64 
   52     0    57     1     3   115    38   142    73    30     0    74   145     2   117    81    82   140    78    31    20    90   133    35    49   144   101    15    39    59    64    75    13   126   106   124    83   136   125   129    10   125    59    83    89    78   146    99    84   108    47    32   129    25    10     5    11   141    71   150 
   16    22   130    25    17    93     8     8    47   116    75     0     4   126   146    11   141    19    95    92    61   104    64    82    20    77    40    73     6    27   100   118    83    11    85    64   114    46   123    83   127     8    57   149    22    88    48    73    40     0    88    29    10   137    54    95    20    90    92    43 
  133   116    52    62    46   109   139    66    34    81    42    34     0    33   149     1    29   145    90   136    71    32    35   148   127    95     5    76    20    74    75    56    25     4   143     7    84    47    16   105     6    44    52   114   112    43   126    59    57    22    90    99     6    47    27     5   119   109   137     0 
  120    95    65   108    22   118   131    41    74   135    86    54   139     0    76    93    28    39    51    54    61   124    52    76    33    22   114    25   120   136    10     1    80    38     8   148   121   113    32    59   135    48   131     2    35    38    25    14    64    76    20   130   143    60    59   105    36    21    23     7 
   17   104   143    34    70    89    43    16   102   128   144    13    94     4     0    40     5    95    99    31    65    73    66    72    10   135    15   119   143    31    84   116    49   136    76    93    97    77   129   148    37    78    59    59    22    33    39   104    99   137    28   122   103   125    55    12    88   148   132    65 
   54    55    88   126    92    99   117    27    57    85   102   142   135   150    98     0    43    52   143   130    44    96    94    80    10   135    70    21   138   147    45   116   118    17    53    53     3    79    25    84    74    90    15   114   100    43    89     1   101   104   129   115    76    50    29   129   147    12    64    90 
  136    39     7    48    16    57    93    30    64    67   142    61    76     3   129    19     0   105    63   105     6    10    25   149    27     8    45   149   136   107    60    53    77     7    50     3    88     8    40     6    10   149    52    59    10    85   119    71    60    48   137    37    15   119    76    73    20   143    78    23 
   32    70    87     2   131   102    93   106    87    96    75    69   124    89    19    40     3     0   129    38    53    16    55   121    67    47   128    26   130    56   106   137   149    56   115   114    21   108    69   107    61    93    88   102   134    71   140    68    96    81   107    86    13   107   104    73    73    24    43    45 
   72    31    27   138   124    20    73   111   126    20   131    67     8   145    92     7    97    58     0    14    50    74    25   139    50    57    76    29   127    74    76     4    60    33   138    43    95   113   133    37    65    29   118    44    33    59    28    19    20     0   117   121    24    48   105     1   118    51   120    87 
  111    28    15    45    34   103   117    35     7    50   147    84     1    29    84    19     3   116    85     0   132    82    14    41    94   131    80    34   133   112    80    40    12   114   131     2    70     6    90    40    77     7    58   138   132   136     7   120    11    51   102    52    84     4    45     8    19    75    19    35 
   90    42    11   139    31   110    37   111    27    10    50   117    51    84   132    66   141    21   135    95     0   150   126    19   103   149    71   116    57     9    88    51    60    20   127    29    91    66    40    54   141    61   101    69   119    72     4   119    17   127    89   132    38    70   124    26    97    14   139     6 
   50   113   121    86    15   122   115   119    12    27   115    47    43    81     1    42   125   147    41    12    36     0    34     4    58   111   126   104   146    30    91   132    32   144    16   141   133   106    46    97   131    34   110    99    12   109   135   119   139    77    42   134    60     8    76    80    80    54    65    86 
   85     9    29    45   150   110   101    92    98    83    73    83   146    41    65   141    90    72   132    51    63    53     0    32    63    88    69   115   136   124    31   105   112    47    49    87   147   129    73   123   128    72   135    63    79    11    48   105    32   108    81   110    68   149    20    99   101    38     8    12 
   70    10   133   140     5    35   108    68    81   104   132    81    11    83    86   110   139    77    60    99   145   113    99     0    18    95    49   118   141    20   122    61   143    45    60    84   132    23    17    96   111   148    89    60    85   150    15   143    48    54    28     7   107   115    65    86   110   146    56   121 
   46   120    55    47     7    23    68    59    62   120    86   130    25    32    47   109     0   126    30    54   112    97    45   137     0    48   119    19   103   133    35   114    78   137   126   114   125    60   102     4    29   102   129    37   121   106   140    66    19    56    97   129    66    31   115    73   110   110   111   115 
  115   101    96   136   115     7     8    91   105    45    29    22    60    26   137   105   126    21    23     3   114   140    53    12   134     0    67   125    78     7   107    51    32    97    91    71   107   141   145    95   101    69    29    42     3    65    75   121   107   146   115     1    52   149    61   141    23    57    46    20 
   61    33    41   134    73    52   121    19   108   130    76   150   121   125    68   131    13    45   123    42   145    11    25    41    87    92     0    18   136   127    75   112   123    66    84   108     6   145   103   115   126    74     2   111   103     5    43    50    50    26    67    35   108   108    50    68    89    23    84     4 
    6    62     6   126    42     2   143    37    74     8    10    61     0    17   122   141    32    42    22    10    91    63   135   137    66   127     2     0    54    56     2    58    68    31    27    23    57    76   101     4    89   145    91    63   133    44   105    40   140   148    88    94   141    55    73   111   112    37    59   119 
   30    48     7   131   104   108     5    22   138    47    67   116    72   129    24   102    60    74   122    62   146   128   143    18    46   132    54    80     0    95    52   105   100   111     8    71    40   114    76    51    75    68    71   133   145    92   126   105    33   143    81   100    85    52    75    52    11    95    99   138 
   62    57    44    31   134    62   141    52    73    82   127    42    56   117   122     7   120   104   129    93   120    30     6    98    46    76   122    62    25     0    44   118    93    43   101    39   107     4    92    71   123   106    46    27    52    25   101   137    29    55    14   109   137    10     5   120   142    90    25    39 
  124    26   125    61    62    91    12    55    83    23    52   132    92   147   117   128    32    48   148    19     2   139   105    39    20    68    81     9    60    43     0   119    30    88   120    61     7    14   143    10   135   142    70     3    35   110   105    28    21   122     8    13    17   129    76    47    13    93    47   142 
   48    94    55   136    43   129    73    20   146    93    71   110   125   137   101   116    84    59    42   103    11    62    39    98   138    81    20   139   106    38    60     0    41    32    50   144    67    25    23    31    26    99   115    77    67   116    38    39    31    46    13    66   101    95    52   139   127   115     7   101 
   39   118    53    30   122    10     8    97    58    85    75    22    67   116    25   148    78   130    66    25   114   119    68   129    81    54    12    92    34   121   122   113     0   105   102    81   123    35    25    69   104   146     2    45     0    37    20    12    62   140    48   134    73   119   115    25    97   105    74    70 
   87     3    92    75    94     9    80    59   144    41     2     7    87    86   147    45   124    70    72   122    82    25    54    29    80    69    58   144   133    77    12   124    93     0    95    31    41   144    52    56   150    53   138    43    17   116   122    30    31   145    43    71    78   126    13    36    29     7   139    12 
   68   127    69   128    77   110   127     7    77   118    23   134    24    71    45   115    15    18     7   145    52    60   136   102    61    11   150    88   111   139    90     2    83    63     0   131     7    22    27    89   100     5    70   129   102    50    27    93    71    63    60    28   116    46    65   104     1    59    62   124 
   71    12    42   105    79   107    10   123    52    61    36    22   117   128   113   100    21   120    14    55   134    59   147   134    68    32    86     2   126    24    83    35    92    38   132     0   142    86    58    51    34   108   130    82    40    86   105    25    10    44   141    70   129    59     0    78    77    96   114   122 
   45    92   105    22   105    82   104    26    58   124   150    32   135   111   126    44    97   129    16   136    73   130   126    69    21    62   112    30   102   145    62    25    76    92    43   100     0    60    79    66   106   141   149    33    98    57    25    46   131    10    88    31    17   140   135   140   100   150    17   126 
  124   107    16    76    33    40   100    39   143    97    28   131    91   112   138   140    81   145   142   130    56    92    31   142   145   136   142    93   146    52    12    19   145     5   111    31    32     0    33   146    74   127    47   128   122    30   131    80    47   134    51    42    19   132    51    65     7    59     7   108 
  119   102   134    64    18    93   102    79   136    59   120    41   131    82    98    72   116    59   135   108    72    46   113    34   110    45   110   126    13    95    69    28    88    62    34   123   150   137     0    21   139    82    36    91    60   106    48    30    57    27    10    80   120    65    66    83    68    58     6     4 
    1    19   134    90    81   106    15    19    72    25   108    51    43   131   143    89    78   149    90    48   126   115    16    74    69   111    81    89   146     4    74   143    42    81   119   118     9    79    19     0    22   129    29    96   117     3    67   135    30   112    66    47   141    71    77   143   147    96    81    79 
  149   112   100   123    37    10    53   104    62    95   138   108    54   141    66    34    10    70    23   110    44   106    61    84   110    89   144    48    59   117   122   115    28     9   131    10    22   113   138    45     0    98   130    29    76    69    46    43     4    63    64    67    44    95   114    19    91   118    82   137 
   11    82   150   101     2    64   126    93   109    84    13    33    30    60    58   124     8    37   139    71   134     6    44   135    75   103    98    44   145   108   115    73     6   150    21    24    98    39    34    37    42     0    35    65    49    99    40    65   120    20    50   121    20   120    91    85    53   147    95    27 
   22    81     5    93    32   117    44   123   132   143   133   124   125   130    33   128    32   142   110    33    98   101    64   142    68   135    79    29    62    49     0    97    21   107   133    65   105     5    56    55    90   117     0    73   109    57   114   108    20    87    31    38    46    22    71    64   122   102    75    59 
  116    12   143   101   147     6   104     9    82    79    76    10   139   117    61   136   112    21    96    24   133   105    78    12   129    62    88    14    79    56    88    37   106    68   137    10    62    35    12    15   140   126    75     0   128   102    66    21   148    50   134    28   122   108   148    99    37    25     6    11 
  117    82   147    82   147    35    95   116   125   125   143   148     0   149   145    50   150   115    19   101     6    38   122     8   138    55    32    19    74   145    79   139   119    42   119    66     0    97    13   133   120   145     4    84     0    95   137    28    72    64    73    82   131    47   118   114    38    73   129   146 
   88    85     8    33    80    17    39    41   143   116    99    92    41    91    58    56   128     2   136    97   148   120    24   127    88     7   150    78   115    25   137   111   115    94   132   140    17    81    41    96   143    52   141   130     1     0   141    28    92    77    48    49    67    24   119   124   114   126    49    65 
  104   127   144    19    50    51    96    88    77    99   104   132   125    80    18   101    59   100     6    23   125   120    76    16   145    81     4    23    71     5    67    52    12    31    76    65   118    13    49   128   113    89   139    70   137    93     0    27    31    74    68    89    58   133   146    46   107    78    27    25 
  136    44   131   117    98    13    94   116    24   121    56    16    64    60    73    71    49   144   126   130    39    16   132    17    13   146    98   102    47    45    84   119   123    97   148    20   136    43   137     7    35    68   150    22   119    41    17     0    70    82   100   140   134   145    87    18    14    54    73    91 
    2   133    80   139   150    37    43   100   134    80    76   133   104     3    28    23    94   149   141    91    47   103   147    20    47    20   121     2   130    48   145    97    80    46   133   145    24    49    33   146    74    31   139    69   133   115    58    52     0   133   140    84   103   135   145    57    91   102    36   110 
  143   130   122    18    47     3   123    28   101   116     9    93   139    60    28    60   140    83    20   117   111   135    18    52    25   102   123    75    76   123   109   127    97   140   140    62    67    69    35   143   107    68    18    52    91    62    46   112    64     0    65   115    72    91   125    68    99    97    64    57 
   56    63   132   137   101    16   125    24   113    10    40    52    47    20    38   106    33    82    89    14   115    35   122    46    97   126   107    68   121   128   137   126    57    80    50     1   118    77    40     8    91    53    16    55    18    55   149   118    34    18     0   138    16    79   146   115     9    50    82     6 
  139     3   108    75    67    55    60    81    47    29    54    50   111    66   127    94    35   116    87   109    67   103   107   116    16    82   148    22    56    68    87    47    31   146   104    17   129   101    25    94    58    81    57    62    46   111    59    42    68   117    18     0     8    14    83   125    10   146   100    37 
  124    20    56   116     8   143    47    37   112    28   114   133   144    83    92    27    12    60   107    33    72    67    28    36    89    25   133    79    32   108    61    76    97   128    51    53   124   138   142    36    44    48   135   130    38    58     8    53   106   141    71   102     0   121   137     6   147    13   145    51 
    9    65    62     9    12   141    10    75    47   131   102   134    59   108    44    30   109   112   100    99    74    26    54   111   107   102    43    26   103    55   117   127   116    20    23    74   132   146   135    59    69    88   146    50    42    13    49   123   101    57   123    93    12     0   117   108    34   115   118   124 
    2    91    24    27     0    73    27    74    67   148    52   105    59   102    38   104    83   104    64    63   134   124    81    51   136    42   137   144   118   134    53    30    16     2     4   127    14    95    41    57    73     2   102   120    68    41     5   147    13     9    86   108    80    79     0   132     7   100    28    19 
   98    81    35    19    54    78    25   120    57    97   107    99   145    91    56    17   128    84     9    72    20   136    46     3    57   104    27     2    11     8    16    98   147    77    94    14   136   108    60   144    51   147   122    60    79    32   108     8    63    35   108    78   101   145    31     0    67    66     2     5 
   27    12   105    25    73   129   128    14    67    71    80   142     1    85    75   134    70    64   134    26    88    33     1    14    61   108    70    59    10     9     1    99    72    58   115   115     6    67    51    44   130   113    45    80    78   113    49   148   112    10    55    25    40   146   107    51     0    96    62    60 
   25    47    98    74    95   126    44    69   109    27    14    15    22    72    72    81    16    12    44    60   123    29   123    18    27    81   139    19     8    13   150   127   128   105    53     1     1    51     5    90   110    59    17    89    99    80    63   116    59   118   103     3    98    24   106   134    62     0   128    79 
   37    35    53    57   110    80    30    33    52    76    65   144   132    93    78    47    31    48   130    68    59    94    22    54    24    46   122   116    83    62    91    24    58   113   101    15   139    98   137    15   137     6   107    28   140   102   128    56   133    32    63    91   108   122    71    34    16    44     0   149 
   36    13   119   114    77    44   121    24    22   132   134     8    56    80    27    31    11   125    35    29    39   141   121    93   137    53    29    68    14   143     8   107   132    92    35    31    10    27    10    93   100   104   138   122     3     2     4    10    86   150   130    18    91    69   135    17    49   128    81     0 
