60

  103   120   147    65    98   110   147   119    51    93    77   115    73   119    77    62    88   108    80   124    68   125   120    50    97   135    59   116   109   144    93    85    50    65    79   110    83    83    74    97   115    52    62   112   136   105    61    73   114   107    52   122    67   132   148    90    60    94    89    97 
  174   232   177   382   351   499   529   417   247   367   274   219   568   350   330   260   175   397   568   293   600   226   303   322   555   448   553   598   457   631   645   330   644   433   479   591   415   404   207   281   289   539   548   488   221   435   663   448   260   420   427   292   538   268   392   401   631   161   376   599 
    5     2     4     7     3     3    10     2     6     3     6     9     4    10    10     5     1     0     6     7     6     6     7     1     7     9     7     2     4     9     1     8     1     3     4     8     0     7     6     0     9     5     2     0     9     9     5     0    10     8     3     3     3    10     8     8     4     0     1    10 

   41    50    18     4    41     8    49    15     4    43     9    25    16    16    33    14     6    34    27     9    48    34    38    28     5    36    11    41    18    20    28    40     3     1    22    35    16     7    16    26     5     8     5     1    30    20    10    31    12     5    29    22    34    43    22    49    32    20    38    36 
    0    21    34    46    38    45    45    35     0    13     2    50    49    48    24    16    24    46    31    10    43    16    44    32    11    43    27    11    26    44    48    50    26    12    21     9     8    33    29    46    48    48    35    29    28    18    28    38    29    39     5    16    33    35     0    19    25    39    15    41 
   16     0    11     8    21    41     9    38     9    41    34    46    37    44     2    14     5    13    48     0    23    22    38    32    12     4     4    24    49    16     7    37     6    41     7     8    46    22    28    28    24     9    24    23     1    37    50    21    50     3    47    37    15     0    36    11    45    22     0    28 
   36    29     0    21    43    29    48     1    33     5    11    37    10    46     6    16    19     8     8    14    21    36    42    12    33    38     5    34    10    45    27     5    29    45    22    12    36    37     0    41     0    33    35    35    34    46    25    27     6    45    24     0    31    46    30    49     5    22    47    21 
   37     6     5     0    29    20    16     1    22    28     4    38    35    21     1    39    46    49     8     6    20     0     7    39    13    36    29    20    21    29    47    44    36    12    36    20     4     0    31    37    27     1    20    20    23     4    19    47    31    33    15    22    27    37    37    20    44    28    16    18 
    0    31    12    45     0     5    50    29    49     4    44    27    24     2    35     7    50    38    42    43    20     4    10    42    48     5    11    17     3    16     3    23    36     0    43    21    49     7    31    48    22    45    10    17     4    14    45    41    17    11    45     7    40    40    22    32     3    12    37    23 
   36    35    35    30    20     0    15     0    36    45    16    50    21    46     6    45     2    16    42    20    42    14    37    37    48     9    47    18     1    31    17    31    14    37     2    12    39    30    17    20    19    28    46     9     9    30    15    12    14     4    46    33    33    31    50     9    13    29     7    32 
   28    39    15     3    42    49     0    29    13    20    45    13    26    40    20    45    13    26    13    37    26    36    13     1    38    42    11    23    20    38    41     4    37     7    14    48    13    28    39    37    41    28    19    47    17    26    41     5    46     4    25    38    28     9     9     0    50    14    36    15 
   36    19    22    36    13    11    29     0    16    41    47    33    48     4    34     4    30    47    34    26    33    11    19    43     4    31    37    36    10    17     3    29    46     0    15    49    22     3    41    37    33    17     7    18    21    16    19    40     3    17    11    16    50    23    24    50    47    41    34    30 
    1    24    19    10    42    48     1     5     0    40    49    16    32    38     0     5    10    49    20    37    29    19    39    13    50    27     3    49    22    12    24     7    29    30    42    37    33    24    30    32    26    20    48    40    18     9    42    22    34    38    33    46    19    20    31     7    24    38    22    15 
   12    33    18    43    48    24    13    25    45     0    38    12    22    48    30    34    38    13    23    35    14     8    35    28    34    41     6    19    11    40    18    19    28    38    41    30    10     6    46    33    36    13    48    10    16    17    23    15    43     5    31    19    41    38    10    44    34    31    11    25 
   19    33    31    24    20    41    49    42    43    30     0    14    46    42    20     3     4    30    26    38    35     7    13     7    38    45    49    27    48     2    48    33    43    12    24    18    10     7    16     2     8    46    37    13     6    22    44    20    20    18    47    36    26    44    24    44    27    47    13     6 
   16    37    31    49    20    50    28    18    38     1    30     0    19    19    34     5    17    25    30    10    15    25     4     1    20    27    29    35     7    10    43    21    28    23    34    18     0    19    20    29     9    45    12    37    36    21    43    27    35     3    24    17    49     3    31    10    37    18    19    15 
   43     6    26     2    14    21    28    11     3    26     2    41     0    47     8     1     9    17    16     9    32    47    19    14    41    26    19    31    25     9    36    40    37     1    40    36    10    23    27     1     6     8    18    36    17     9    23    30    43    41    36    40    32    16    18    24     4    26    17    41 
   47    50    27    24    48    38    23     7    22    37    37    31    41     0    24    33    40    19    37    17    10    43    47    50    29    49    40    29    19    10    21    31     3    17    17    12    43     0    46    35    44    43    13    40    38     8    34    27    46    21    43    37     9    49    47     0     7    14    31    29 
   37    32     6    31    15    44    15    42    50    27    31    11     3     3     0     1    22    47    49    26    40    33    11    45    24    18    30    21     7    32     4     9    50    41     0    46    39    16     4     1    18    40    11    26    33    11     9    14    36     8    40    44     5    21    25    26    17    48     7    42 
   49    14    36    16    24    45    10    16    32    28     2    10     5    18    32     0    28    11    38     3     2     4    47     2    29     3    50    21    47    19    49     9    27    11     7    25    49    21    11    41     9    10    31    46    33     4    13    24    46    35    21    37    32    15    43    13    42    43    38     0 
    5     0     0    43    43    31    41    31    50    44     4    27     6    24    30     5     0    15    12    16    28    17    33    10    34    31    45    49     7    48     7    31    18    11    25    42     8    28    19    34    22    17    30     4    21    44    18    10     1     0    19    39    32    18     5     4    17    50    34     1 
   34    17    30    23    33    33     0    44     4    38     1    13    23    22     9    42     3     0    46    15    11     5    28    43    14    50    12    10    30    26    13    47     7    22    48     8    28    45    28    24    31    46    14    25    21    17    41    44    37     7    30    27    39    15     1    49    46     9    34    25 
   28    39    21    50    16    33     6    33    23    12    43    18     4    40    32     4    37    22     0    13    50    45     4    34    39    30    26    27    33    17    48    15    25     7    25     8    23    13    35    29     3    29    37    45    41    33    26    41    34    44    39    20     3     1     8    30    18    46    21    12 
    5    36    30    44     6     8    48    26     5     3    23    11    43    47    16    41    34    34    20     0     4    45    36    22    29    21    38    47    34     7    14    48    35    11    10    28    47    10    23    19    10     6    40    38    48    17    22    17    49    33     9     1    22     9    41    36    39     0    40    33 
   10    43    39    16    50    32    29    47    44    20    26     5    14    34    22    45    43    17     0    32     0    28    46    37     7     7    42    37    21     0    24     9     3     0    27    20     9    42     1     0    17    29    46    24     2    44     6     4    14     4    45    40    24     8    16    25    42    24     0     9 
    5     8    30     8    11     0    38    28    27    33    18    23     3    42    18    34    32    17    23    21    36     0    35    50    40    28    42    11     9    37     3    50     8    26    25    42    15    38     4    25     0    34    10    34    19    17    17    19     8    31    18    32    33    18    27    32    22    20     9    38 
   37     7    43    36    33    26    27     3     6    20    29    38     1    23    38    37    13    16    29    16    20     9     0     4    27    24    20     2    25     1    43    36    24     9     7    41     4    30    21    39    49    44     1    23    34    40    46    12    38    37    43    31    47    50    10    26    18    45    37     3 
   12     0     5    21     6    21     9    27    32    24    36    18    48    42    50    30    28    17    21    18     6    29    20     0    32    45    25    12    25    18    47     4     7     2    31    49    22    36     3    24    23    20    40    31     8     8     7     6    19    44    42    25    10     0     2    22    29    41    33    16 
   35    11    37     2    42     9    15     5    30     5    50    32    14    41     0    19    12    24    31    44    27    17    16    48     0     6    25    14    21    33    13     2    28    49    41     2    44    25    39    44    23     3    36     4     8    16    41    27    31    23     2     8     8    41     7    29    35    28     9    31 
   12    24    38    46     6    19    16     5     4    36    46    37     6    28    29    35    17    41    12    26    44    37    14    17     6     0     4    15     7    14    49    49    12     1    10    12    15    11    15    16    23     3     1    42    43    14    17    32    28    26    41    18    24    40    12    25    48    19    42     5 
   31    19     1    18     1    30    21    43     1    22     8    13    43    14    44    26    33    30    19     1    27    22    36    17    38    16     0    29    50    23    36    18    14    20    35     6    40    37    10    18    11    28    17     8    33     0    32    26     4    21    36    46    43    12    34    18    28     3    40     0 
   50    36    22    47    15    38    18    35    22     5    21    45    36     5     1    17    30    35     9     3    20    50    29    23     4    20    38     0    23     4    12    36    26    31    13    42    46    49    42    33    11    36    34    19    12    21    49     6    50    42    10    35    28    19     6    34    42    44    10     3 
   16    22    41    15    41    24     1     0    25    47    30    19    36     3    41    45    40    22    37     8    37    17    13    17    37    43    30    25     0    44    21     4    50     7    28    17    22    19    43     2     2     0     6    36    34    18    26    40    22    33     3    27    35    15    12    11    38    28    19    20 
   22    30    18    21    37    23     2    19    27    43    16    37    25    14    31    21     9    36    16    43    32    48    35    14    32    44     7    43    39     0    32     5     1    19    39    40    20    14     5    26    38    30    50    39     6    18     2    40    40    10     8     4    25    12     3    31    49    27    39    27 
   24     8    16    32     8    20    30     0    18    48    49    28    25     5    14     8    21    10     6    44    14    30    20    41    48    23    32    24    43    48     0    38     2    22    50    24    23    26    36    41    47    38    38    17    17    19    10    15    24    50    41    45    38    24     1    46    25    30    43    28 
   26    33    33    50     8    31    18    28    25     1    45     3    31     7    42     1    31     9     8    49    35    11    25     1    27    48    45    30    32    47    38     0    12     2    39    27    39    22    16     8    16    28     3    46    26    18    19    26    20    25    31    46    49    33    28    49    28    50     1     0 
   28    34    23    38    28    45    46    40    38    13    10     4    22     8    30    32     6    22    36    22     1    25    22    39     1    39    46    19    28    19    10     7     0    48    17    33     8    47    48    40    33    30    44    41     1    35    43    26     3    19    11    26     1    25    18    15    22    31    31    10 
   14    45    45    43    12    33     0    13    34    50    11    16    41    12     8    16    49    20     7    34     9    23     9    12    10    39    39    23     1    34     8    33    45     0    20    21    32     6    18    12    22    20     6     3    10    49    43     6    18    20    17    35     1    47     9     8     9     6    30    43 
   31    38    44    11    38    35    12    29    23    12     1     6    43     2    38    26    45    43    47    45    23    38    18    27    35    33    31    25     6    39    27    33    32    30     0    20    15    33    13    37    33    43    12    32    31    13    21    44    47    45    13    11    12    21    49    35    31    12    39    34 
    5    39    37    21    38    24     3    21     4     9    35    24    31     8    47    40    22    33    41    24    39    29    28    45     8     7    35    50    27     4    40    26    31     9    50     0    16     7    22     7    38    42     1    26     9     4    14    36    25    20    32    36    12    50    16     9    14     2    41    37 
   26    44    32    14    22    39    13     3    23    46     3     4    49    10    12    35    22    14     3    24     5    32    38     1    14     6     8    28    21     7    11    50    24    29    29    10     0    11    33    36     1     2    41    48     9    24    21    41    37    24     8    27     1    37    18     3    16    10     8    43 
   14    28    24    38    38     4     0     5    44     8    36    29    26    13    33    22    36    22    18     7    50    44    21     9     2     0    44    49    30     6     8    47    14    44    33     2    35     0    28    10    25    40    40    24    32     6    12    20    37     4    14     2    23     3    26    18    28    44    40     6 
   35    22    31    43    24     2    17    13    42    15    22    39    33    19    48     0    13    30    17     9     9    31    29     6    32    10    15    12    36    35    16    48    36    35     2    49    19    36     0    21    47    25    13    31    32    41    16    14     1    50    49    14    31     2     4    19    34    38    47     9 
    0    35    29     8    15    11    19    41    39    43     4    37    12    36    44     6    46    49    35     8    20    30    15    20    48    36    15    18     7    22    42    20    21    33    20     5    13     5    42     0     1    18    12    31    41    33    20     1     1    29    37    48    50    16    41    28    25    35    25    20 
   31    41    15     4    29    28    22    36    33    10    14    39    26    12    18     2     2    22    50    17    39    22    24    14    31    17     6    35    47    44    22    37    22    35    21    30    38    23    49    45     0    28    28    39    27    47    17    38    31    48     6    24     3    10    32    14    26    26    32    16 
   11    38    16     6    35    27     8    12     0    50    42     9    46    37    21    15     5    28     0    43    41    12    22     3    21     1    22    46    19    28     9    11    14    16    32     0    49    29    36    34    34     0    28    29    32    26    43     0    46    48    29    28    14    21     5    27    40    20    42    12 
   17     4    10    17    26    47    42    42     4    41    44     4    35    29    26    14    31    41    41    49     3    20     6    20    24    16    34    30    42    49    13     8    33    12    19    20    48     7     5    41    38     5     0    11    12    19    12    37     5     1    28     0    46    22    14    21    43    22    14    19 
   33    39    19    44     5    33     8     1    17    27     1    41    34    34    41    37    13    48    18    40    47     0    47    39    22    23    10    28    22    21    33    37    36    14    39    17    39    14    50     0    38    14    19     0    45    24    45    26    22    29    36    10    34    42    46    32    14    34    36    35 
   18     3    24    35    16    12    50    28    37    43    11    29    50    43    37     1    44    19    41    22     0    44     3     3    47     5    27    30    35    48     9    49     8    14    23    13    20    24    19    40     3    18    13    30     0    38    36    41    40    47    39     2    47    25    38     9    42     4    23    12 
   37     6    43    18    17    49    12    26    48     4     4     5     3     6     1    46    33    13    42    20    33     5    10    45    45    33     5    27     2    32    12    23     8    41    17    10    24    41    46    21    28     5    42     6     1     0    46    43     0    27    45    32    28    39    39    29    19    14    31    14 
    7     4     3    25    26    27    21    36     3     8    31    25    32    19    27     2    42    40    36    48     3    50    27    15    49    38    45    18     3    43    14     1     6    19     3     0     7    40    48     4     4    17    23    12     5     9     0    32     7    35    46     3    16    16    14    48    34     6    17    45 
    1    49    42    42    28    28    39    28    47     8    11     9    28    36    21     5    15    18    49    19    34    40    38    47    23    15    40    18    42     3    10     4    27     7    26    36    46    36    10     5    35    35    33    29    38    43    11     0    25    25    40    42     4     2     0    14    31    23    36    17 
   26    25     8    44    13    22    25    36    25     0    35    26    23    50    18    45    22    10     4     0    46    40    41    18    22    40     5    30    21    29     4    33    45    34     2    25    34    37    12    19    39    36    14    43    37    34    34    49     0    11    40    19    20    33    14    45     8    35    42    48 
   11    33     2    14    20    27    41    12     7    11    26    20    18    25    22    15    25    12    48    15    39     0    28     8     4     1     7    42    22    23    45     0    13    37    11    50    25    30    13    15     6    39    14     7    40    37    43    24    31     0    28    10    21    24     1    50    25    46    22    34 
   32    21    46    37     6    20    12    46    10    23    27    11     5     7    26     8    34     3    18    25     2    18    22    47    21     8    43    30    17    26    45    19    28    39    16    35    20    43    43     3    18     6    25    43     3     6     1     4    13    26     0     8    15    33    10    38     3    12    34    13 
   31    26    21     0    11     4     3    34    44    49    29    37     6    19     0    46    11    23     7    29    24    31    14     2    48    13    42     2    38     4     7    41    36     6    12    36    34    18    29    32     5    26    42     7     4    49    17     0    16    46    50     0    17    11    17    35    25     5     0    27 
   26    40    44    12    37    12    37    12     8    41    39    33    12    31    46    38    44     3    50     6     9    21    10     0    35     2    31    10    18    32    33     9    43    30    19    50    29    15    43    24    16    15     8     3    22    24    17     2    20    13    14    24     0     4    46    28     2    23    43    43 
   49    17    30    31    43     5     7    37     2    37    27    18     3    24    18     0    30    20    36    26    37    46    12    45    48     8    47    49    32    21     4    16    32    49    37     7    46    41    24    38    32    50    15    22     0    31    34    46    44    37    49    35     4     0    31    42    29    35    29    30 
   16     5    35    21    49    43    42    29    29    23    31    14    34     1    22     6    38     1    48    26    13     1    20     1    35    13    40    15    49     9    37    39     6    15    48    49    45    20     4    37    47     8    11    31    14    21    40    44    14    49    19    37    48    23     0    46    13     9    20    23 
   28    37    30    27    11    45    20    18    17    47    36    37    37     1    19     7    15    45     7    14    35    19     6    33     3    49    48    43     3    11    47    29     3    14    16     6     0    39    50    11    46     2     6     2     0    48     0    39    12     0    35    46    20    47    10     0    49    20    39    28 
   25    22     6    33    39    17     3    24    17    16    22     5    13    30    13    29    46    13    20    34    38    37    31    13     0    35    14    46    47    39    39    17    40     8    50    12     8    19    50    44    26    46    28    22     9    21    45    20    28     7    45    38    48     7    20    39     0    38    17    28 
    3     2    16     1    31    36    13    40    30    47    30    50    35    39    45     4    29    18    42    48    43    38    46     8    21    21    49    43    46    38    16    44    44    21    11     0    40    10    38    11    12    11    33     1    20    12     1    16     0    37     6    28    44    14    47    12    15     0    12     2 
   31    36     7    29    34     5    24    22    48     7    45    27    17    39    10    26    29    49     7    24    17    33     4    49    11    34     4    35    26    28     0    44    14    47    42     0    32    46    25    12    33    43     2    46     8    25    42    49     9    45    20    13     7    25    12     9    21    21     0    42 
    2    10     8    11    42    27    30    17    39    22    25    24    37    43    50     2     9    43    35     2    37    36    29    48     8    32    33    23     6    44     8    13     9    21    39    45    13    46     8    41     4     2    18     5    49    13    44    38    46    19    33    45    27     0    16    23    25    13    41     0 
