60

  130   113    69   123   134   142    64    86   139   110   107    80   138    84   120    64   139   102   120    50    97    77   124   107   114   126   146   124   106   137   129   150    70    73   115    52   118   103   111    89   141   131    84    75   112    71    69   113   116   142    97   126   121    98    96    63   142   139    59    95 
  708   330  1780   430   309   552  2102   541   641  2930   569   246   230   697   344   233   366   509   336   630   207   339   706   213   650   355   335   630   424   381   725  4983   503   782   365   253   288   518   720   500   324   686   436   349   681   264   586   416   328   588   451   597   602   442   709   267   549   434   721   332 
    5     7     2     9     4    10     7     7     1     0     0    10     5    10     7     9     1     0     4     0     6     8     5     8     0     3    10     5     6     4    10     3     1     0     2     1     1     6     3     7     4     5     7     5    10     1     2     8    10     2     3     9     3     6     6     6    10    10     8     8 

    1   111    18    30   107    59    87   119   114    25    14   138    76    68    95    93    79    24    47    97    43   112    79   109    71   105     1    62    56   101    82     1    16   144   137    81   100     7   103   110    46    65    92    89    99    93    44   147    38    46   102   102   113    86    21   115   117   134    47    28 
    0    53    38    75    88   135    48   121    11   118    19    23    28    72    19    81    92    85    41     6    70    20    46    82    69    87   123    11    64    41   123   133   119    30    24    41   136    79   128    96    89    39    55   118    28    53   106    80    27    47    54    34   111    29    72   149   134   126    86    86 
  127     0   141    20   117   123   142   121    71   128    94   138    46   142    81   113     2    39   125    87   119   117    81    33    61    45   144     8    10    23    18    95    42   110    47    45    98   140   126   123    89    70    84    79   116    16    64   100    78    54    47    33    15    11    26   149   147   145    51    35 
  149    19     0    68    69   114    24   140    62    42    97    42     2     0   140   100    99    93     0   144   137     4    28   129   120    54    53    11    61   118    35     2     4    13    73    56    47     0    46    77     1    53   138    30     5   150    64   103   144    33    88     3    51   140   100    80     7     2    80    26 
   49    59   127     0     2    60    84    86   140    13   129     5    89     6     6    46    46   102    79     9    49    92    77   140   144     6    90    67    26    93   118   115   144    93    99    35   144    21    37    77    95    63    31    80    32    42     0    63   128     5    73    17   128    47    44   131     1    38    20    27 
  111   100   130    63     0    68   101    21   102   126   119    93    14    47   135    41    96    15    19   105    11    34    93    94    44    47   115    82    63   146    23    15    64   124    26    55    14    48   145   135    96    27    52    46   101   105    29     7    72   103    14    14    99    98   107    13    34    60   139    49 
   36    88    16     3   139     0   125    46    92    27    63    84    23   132   126   136    68   148    40   100     9   135    78   113    26   150    16     3    63    79    87    83   121   109    99   142    23     3    25    96    84   141    31   150   130   103     0    68    94   129    48    37   148   111    20    48    94    12    79    56 
  105    13   139     6   122    82     0   124    30   142    61    59    39     1   142   124    77    42    62   104   125   101    92    22    34    75    69    33     2    78   112    11    38   137    46    27    49    89   110    88   112    19    21     9   140    20     9     9    91   110    48    74    44   105    19    52    44   115   138    95 
  142    88    95    18    78   112    92     0    27    91   115    18    59    35   145    18   119   100   102    83   141   138   100    93    38   145   145    65    83    42   119   134    24     9   124    38    19    25   107     8    56    19   126    85    91    84   129    35   113     5    80   145   137    91   130   123    80    25    70    26 
   66   111    91   117   135    80    11    76     0    72   147    28    65   114   124   129    39   130    23   143   109    19    63    47    73   141    58    46    21    46     1    96    16   138   106    99    37    11    16   130   128    79   117    62   120   124    69     7    73   109    17   142     6    62   128   135    78    35    82   115 
   68   108   143   147    87   115    78   101    50     0   110   134   120    58    79    40    26    79    93   102    95    22    82   100    79    88   145   150   102   137   123    13    34   110    21    14     3   111   137   122   131   145    23     4    77    55   106   112   129     7     1    68    49    86    44    64    53    79    85    19 
  103   138    87    38   124   115    47    34   107    98     0    51   112    14    96    43   134   101   111    67     7     1    25   130    94    55    93   110    19    34    62    72    13    50    62   130    53     7   115   124   122    60    44    89    64   133   135    76    85    27    50    28   142   150   115    85    99    26    68   114 
   73    29   120    58    87   149    71   101   126   130    19     0    12   135    36   102     9    69   127    13    86    19   135    94    86    26   126   135    63   129   119    16    28    88   102   115    29    45    24    59   110   148    87   101   127    85   149   128    69    58    63    11    22    87    81     5   103    43   117    43 
   68   100    69    75    38    22    13   118     3   106    19    33     0    49    60   101    82    93    27    53   133    27    51   119   150    14   136    83   123   145    59   100   115    60    55    60    65    85     6   102   127    47   127    72    34   124    53    70   101    84    47    39    52    42    49   107   138   140    39    39 
   86   134    87   112   128   138    32     0    95   101    38    70    34     0    10     2    84    39    85    27     0    40    19     8    35    75   111    88   127   119    18   139    43    29    12    31    56    95   141     9    76    36    58    80    24    69   144    89     2    65   109    99   100    92    77   119    25    75   130    75 
  146    99    57    53   101     1    41    17    53   124   110    78    53    40     0    94    84    55   106    66    24   117    58    85   107   119    32    28    91   125   144   141    45   136   132   105    99    49    91    14    96    27    41   128   134    62     5   120    18    16    81   131   150    94     4    78    21   103    43   134 
    1    31     1    54    85   137   140    94   131    57    75    43    81   106   110     0    74    73   137    24    10    90   130   106   109    88   133     2   100    58     4   125   130    77    30    63   103    80    31    25   113   146    55   106    50   146    46    66   138    36   117   123    84    78    76    44    88   137     4   111 
  141   145    81   107    77   139    73    79    14   126    60    97    41    11   131     4     0    37    47    48   112   148    46    79   122    49    52   110    70    94    31   148    69   147    32    50    91    68   139    69    55    11   101   110    78    69   112    71   107    96    16    98     3    92    16    53   119    36   148    82 
    7   123   102   123   134   141   117    86   141    60   131   142   100     4    38   117    67     0    92    21   130   108    87   116    95    86     5     8    28    29    24   117    59   119    96   104   106    98    16    73     7    76    48   106   100    72   101   111    97    56   124    45   148   130   114   145   126   126    65    61 
   58   130   117   127    24    74    86    13    67    20    11   135    99     5    43    60    50     3     0   117    74   142    19    20    36    84    70    50    14    51   143   121   108   139    26    58    53    46   137    30   121     5   144   102    92    93    87   141   124    59    53    72    16   141   143     6     5   130    92   112 
  130    86    84    28   148    66    69    39    92    80    93    17   116    53    85    11   133   111    71     0    74    66     7    45     3    73    14   101    70    65    15    93    91    54    45   139    77    42    65    69    12    10    98   112   135    95    36   135   115   102    28    34    96   105   149    56    18   142   118   101 
  137    98    21   114     3    21    33   138    74    67   100   142    57    65    35    32    32   108   141    20     0    64    85    44   146    20    94    65   136    13    31   144    44     6   100   106    85    47    58    20    45   134    57    22    25    30    71    62    72   119    62   124    73    35   113    30   122    11   109   127 
   99    31    97    70     7    12   115   121     4   124   105   147    72   149     7    99    19   117     2   128    24     0     5    65    79    10   111    55    43   113   148    74    73    62   145   146   123    22    33    89   109    81   134    10    45    19    42   106   150    15   104    67   119    58     1    74   134    10   130   110 
   90    76    59    69    99     4    74    65    32    92    93   148   130    48   114    25   134    64   126    67    18   114     0   106   149    51    63    18    14   123   127   146    36    62    34    29    68   112   115   118   149     9    24   113   117     4    98    25    59    43   111     5   149   120    13    79   129    70   114    71 
  108    35    65   112    67    95    27    48   123    59    69    58     1    62    15    92    78   125   146   126    27    77   113     0    47    91   124    59    44    21     1    12    59   135   121   139   143    44    51   108     8    49    46    35   116    89   106   117    48    84    48   134    56    62    39    13   147     1    25    28 
   28    35   102    43   112   107    64   117    92    64    78    24    23    49    37    77    83    17   109   142    25    89   102    17     0   133    71    64   111    32     8    85    72   109    91    30   148    86    72    92   104    58     3    85    91    33    59   133     9    27   106    98    22    74    60    20   130    78    90   116 
   73   111    82   100   109   111    66    37    16    31    12    48    30    23   106    30    56    39   131     0    10    52    72    69    40     0    16    22     0    99     2   147    15    32     4    69   141   126     0    48    65    24    69    69   120    47   104   101     2   102   109   119     6    30    53   146    93    57    53    44 
   15    16   150    30    28    13    80     7   111    74    87   125   136    76   134    58   141    68   129    39   125   109     7   101   109   111     0   100   126    63   147   146   131    17    49   123   122    38   102    65    11   136   109    75    79   144    54   138   118    58    25   105    40    82    93   131    62    62    18   106 
   92    19    36    94   102   107   149   102    95   137    36    14    94    71   147    39    19   150    88    47    98    67    12   149   142    14   111     0   139    41    14   142   124    19    61    13    93   116    56   125    90   132   108   135    94    16    20    58   101    97   126    13    34   143   102    45    86    55   141    45 
   69   103   117    21    33    24    64    93   114   144    42   133    87    15    58    17    65    92    97   117   123   133    79    40    54   136    69   104     0   140    36    49    45   136    39    15    61    83   104    99   105   108    99    87    22    54    54   100   113    47     1     7    65    44   107    88    22   124   120    60 
  149     7     6    23    68    58   109    95   112    93    87   115    87    48   110    67    54    59   146    97     3    44    97     3   107    80   118   109    80     0    10    38    52    81   118    85    95   123    16   143   104    37   134     0    41    19    47    80    51     2    60    95    30    60   138   149    15    94   107   120 
   31    92    75    46    58   122    53    76     3    56   130    10    52    62    50    80    14    14    30   142    26    89    74   113    39    39   148    42    59    55     0   133   102    76    26    74    17    51    95    93     6   114    62    35   135    48   121   125    17    95   104   110    93    11    36    74   117   116    30    68 
  132    18    39    30    80   144    57    57    84   116    53    51    29     3    11    84   133     5    46    10   106    94   146   140   117    74   130    98    65    15    16     0     5    41   112    12    78    36   138     2    48   123   108   116    88    97    63   114    85    78    75    98    23    97    99   132    17   145    64   145 
   26    69    27    69    97   101   114    88    17    75   145    42    46    84   138    34   111    76   138    80    58   141    46    53   109    58     4    54     5    39    28    59     0    25    47    11    33    68   143   140    95    91    45    96    10    31    40   115     6    12   130    22   108   148   142    69    20    61    95    35 
  137   119    79    64   131   106    37   122   139   137   144    26    75    30   135   129   115    83   146    30    99    13    21    12    36    13   103    17    52    18    46    63   139     0     9   104   119    91    22    32    98   102    75    20    46   130    15   140    55   134    29   135    34     2   138    27    23    47    44   138 
   14    70   150    39    68   137   127     0   143    15    19   132    65    49    67   149   144    64     1     8    62    59   143   136    65    53   140    63    94   141    99    57   122   121     0   139   144    64     3   110     5    49   147     2   134   122    15   116   114    50   129    76    98   111    36    52    43   121    91    27 
   28    17    62    87   140   131    90    95    81    72    70    36    66    76    77    65    65    60   135    72    54    29    21    21    29   118    88   104    29    74    27    24   114   117    54     0   149    96    47   146    66    49    91    29    23   123     5    89    65    99     5    11    90   120   106   106    85    59    85     6 
  103    71   122    87   119     6    18    67   116   120    54     5   105   143   130   146    38    24    11   147   115    98    77    29    93    76    67   115   110    40    24    74    50   124   127    55     0    58    97     5   146    41   141   143    86     3   145    60    94   108    49    15    55    69   135    36    81   126    74    25 
   51    88     0   106   111    66    51   121     1   106    35    68     3    71    26    60   105   106    38    71   130     3    52    57   114    45    18   148    30   139    44    99    14    47    89    35   108     0   101    32    19    64    11    90   128     5    71    27    18   144    96    17    81    21    91    33    61    96    16    37 
  112    91   112   118    38   115     2    65    43   125   110   150    16   145    56    20     7    96   104     9    86    60   126    50     6    53    48   119    31    75    37   111    76   141    10    49   115   119     0     4    51   135    22   108    59   114    55   122    36    20   112    85   148    69    71   135    82   139     4   117 
   83   144    50    88   141     3    83   114   136    50    63   148    41    48   100    50   131    12   138    38   130    11    23   149    18    53    93   123   133   138   118    57    47    49   103    17   114    44   121     0   130    95    25   122    39    73   130    55    71    54    35    69    72   115    49   107    98   140   135    54 
   20    23   110    12    12   111    61    99   103   137   139    64   113   146   145    70   116    14   141   109    90    28   149   144    20    44   126    60    39    15    46   139    79   140    47    99   131    47    86    63     0    80    80    85   113   110    46     0    63   119     1    38   115    18   143   139    52   132   134    90 
  105     3    19   145   137    84     1   118   117    70    91    85    60   114   126    73   112    65     4    93   115    16    73    61   100    78   112   103    24    84   144    32   109    92     5    89     8    66    23    70    89     0   135    68    51    48    54    52    56   102    39    67    11   128    45   117    29    67   106    50 
  145    61    17   125    35    61    24    44   109     2   115   108   141    75   148    49   135     2   144    42    57    25   133    90   147    76    64    33    85    76    27   124     8    85    85    62   127    89   137   104    55    41     0     6    34    35   110    35    50     6   147    78    36    95    47    24    63   107    38    85 
   48    69    37   127   110    26   126    38    47    59    44   123   116   124    26    21   111   113   100    74   110   139    59    94   146     1     7   147    69    57   121   110    89   123    13    65   133   136    90   121    13   146    97     0    44   107    56    28    82   117   136    80    35   129    24   126   137    74    82   100 
   76    58    27   125    75   123   108    47   114    28   129    43    24   115   108   117     1   133    85    42    34   146   124     0    63   109    25   146    37   148   101    90    39    42    98    24   125    14     0    70    60   106     1    48     0     0    26    34    78    37     8     5    35   129     6     2   121    64    57    41 
  113    98    42   135    53     9   145     7    53    58    80    81     7    96    58   145   137   139    40    24   111    25    87    70   137    75    81    45    95    11    93    71    35    24   142    20   121    57     3   134    14   115   102     8    90     0    26    24    92    60   101   102    33    39    60    82   103    40    45    94 
   61   114   107    95    72    69   102   117   123    56     7   135    34    80   140   130   139   147   116   131    50    71    17    69    15     2    61   111   147    66    23     9   131    12   116    54    50   135    63   119   104   121     6    73    23   149     0    82   149    68   110    18   149    21   113   101    10   133    25    44 
   21    68    12   102    88    27   113   117   138    80    62     6    28    44   141    33     7    92    42    98   101    27     2   145   103   144    40   121    28    69    75    55    10    59   126    23   122    84   129   150    45    97   114   118     6   104    70     0    33   141   139    92   109    67   133     9    87   106    34    95 
   92    81    82   134   103     2    47    23   107    37    13   148    44   137    60   143    96    36    54     3   117   101    77     6    87   101    38    49    11    33    20   150    33    50    17    84    51    74    91    69    16   100    41   131    34    28    64   137     0    54    22     0    20    13   104    81    70    85   100    68 
   85     6    62   147    27    23    84    15    46    76   101    67    84    91    92    29   104   145   107     2    53   113    70    93   140    64   127    79    39    17   144   132    97    68   116    38    48   142    99   118    62    73    99    10   131     0   131    19     3     0    72    30   133    70    57    43   117    41    93    76 
   80     2    32    95    96    34    29   100     4   144    16   141   138    22    87     1    82     2    62   137    96    61   137   148    46   146    33    83    76   137   117    73    60    90    63   129    42    96    56    48     5    55    11    53   124    69    26    70    59     7     0    33   123    65    49    69   136    59   111    26 
    3   111    60    23   137     6    42    13    25    63    40     3   145   146    12    59    37    78    98    90    98     3     7   105   107   126     5    94    98    48    70    77   118    62     8   131    48   107    98    93    43     1   108   145   108   133    89    38   118   105    23     0    55   133    34    52   105   122    39   128 
   12    69    57    90   131   102   102    84    34     0    36    65    26    72     3   143    47   142   144    29    10    36   121   150   116   147   111    82   147    25    76    29    29    55    67     8    21    19    80    86    74   120    28   101    56    48   143    21    20   119    72   126     0   114   141    11    13    83    79   116 
   82   110    27    61    87    23   136    78    85    94   137    66   105    18    74   144     1   143   135    65    71    26   122    99   102   132    50   119   150   128     4   146    82    31   134    49    54    77    52   134   136   101    70    72   124   115   134    60    70    66    50     7    68     0   114   113    18    46     8    46 
  102     3    78    81     0    91    79    67   104     7    27   118    94   129    12   147    17   110    63    48    40    38   138    79    75    56   110    11   148    80    78   109    33   147   102    14    81    95    58    21    32    62    44   115   129   120    77   137   135   136     8   124    43    63     0    19    86    45    10   120 
   41     5    65    18    25   136    13    22   147    75    93    25   102     5   148   139    39   137    70    74   133    58    42    47     5   108    71    66   109   108   111    80    57    73   131    33    92    37     1    47    76    62    22   150   145   139   103    52    35   118    80    46     4    80   149     0    15   112    84   132 
   59    71    59    82   132   115    69    89   125   102   105    25    76   137    53   116    92   140    44   134   101   130   115    16    25    45    20   126   139    39    62   130   148    51   113    49   117    79    50   134   106    11    89   150   134    25    91    27   134    81   119    48    64    42    68   111     0   118   126    46 
   70    31   137    21   129    79   112    14    69    49    51   106    62    92    46    81    41   129    25     6    23    79     8    36   101   133     5    25    20     8    46    52    18    58    90   106   148   138    49    45    90    75    40    82    89    57    20   137    81   106   141   127   115   107    15   109    25     0    84    42 
  144    13    98    47    74    25   102    34     9    41    35   148    96    93    49   144   148   124    94   133   137    92    22   103    93    23    86   128    11     9   107   147   142   118    16   116   130    92    70     3    38   135    45    92   115   128    65     3    15    69    89     0   143    83   128   115     8   128     0    34 
   88    22     9    19     3     2    81     9    92     3    65   142    19    95    47    87    67   125    26   140   122     1    53     7    25     7     2   141    82   139   101   121    11    63    37   124    25    60   134    24     7    46    30    11   126    96    28    38    36   113   150   101     8   118     7    51    51    17    94     0 
