60

   61    77   143   130    82   122   117   134    87   115   106    94    70   122    65   103   139    81   146    72   115    73   130   138    66   114    65    88   110    58    62   140   143   138   130    93   109   118   107    72   134   139    95   127    57   148    95    57   131   128   105    55   122    69    86    70   146    70   132   104 
 3775   420   381   320  4974   650  3600  2414   331   689   627  5423   480   595   634   499   608   199   506   640   425   485   484   415   276   557   553   288   506   711   519   594   473   387   487   519   682   376   386  5587   574   416   398   647   731   610   572   434   714   558   701   191   204   660   399   397   455   460  4820   262 
    5     2     7     2    10     6     6     1     4     5     3     3     5     6     6     6     0     8     9     6     2    10     6    10     8     3     8     8     2     1     6     1     9     9     8     3     1     2     9     7     7     7     1     8     5     0     0     1    10     6     2     6    10     1     7     5     0     0     1     3 

   71    95    60   117   105   124   118   114   139    66   147    86    59    75   102    86    50    11    96    45    97   103    92   148    36    72   119    44   146   143    52    22    49    72   108    72   105   121    73   146   122    22     3    20    78    81    41    74     9    83   115   150    61    17   102   113    69    68    40   122 
    0    38   110   120     5     2    13   146   108    92    42   144    96   141   128    52    55    41    10   119   125    46    93    24   117     9    31    26    29    91    65   127   118   149   145    53   117    27    28    39   132    68    39   116    63     8    99    31    14   135   132    46   148    59    30    29    65    28    26   132 
   15     0    22    48    14    16     7    57    93    90    41    78   116     2    55     8   131    39    42    21    43    15    76    40    81   128    69    19    78    77   130    10   115    34    60    37    42    78    52   141    28   125    70    15   123   133    48    21    82   127    81   150    36    61   143    70    99    25    30   126 
   56    76     0    90    73    62   100   123   135   112    46    93    62    76    24    13    14   100   145   111    99    92    73    33     7    50    41    99     4    27    44   114    31   129   105    70    98     7   122    76    27    43    55     1    69    74   124    79    75    66   134    20   100   124   141    92    80   149   145    49 
  138   130    89     0   125    37     6    92    61    36    19    65    17    71    76    47    96   105   131   134   113    31    53    60    62   141    40    68   110   105   133    78   120    55   135    20    35   123    15    97    58    67   122    91   128   125     1    12    13   150    37    87   138   128     6   120   115    13    73    77 
   62     3    68    42     0     3    36     7    82   121    36   125    35   126   147    43   139    25   119   120   130    38   115   138   120   119    77    48   146     6    80    77   109    63    54    22   126    67     3    54   117     0   103    10    94    39    67   133    59    81   115    54    45    88    66     5    76    49    84   131 
   99   118   150    73   110     0    17   109     9    34   105   108    99    41    63    34    83    49    26   101    31    65    34    72    56   131    50    47    42    84     2    21    13    27   110    15    24    14   130    77   102    63   144    47    81   134    98   108   142   140    51    18    47    67   135    50    69    75   126    89 
   45    34    86   114    59    98     0    42    31    75    24     7    24   112    67   103     9    46    81    94    89    67   102   125    81   111    88    29   123    20    81    47   127    62    40    90   104   112   147   132    29    44   143    27     2    42   119   141   129    72    29    35   110    39    73    62    73    33    52    55 
  143   139    79    32    16     0    62     0    75    42   103    34     1    62    54    96    30   137     6   133   130    48    67    99   132   105    64    95    23   114   122    17    28   144   102    37    29    29   150    97    47    18    63    22     7    88   136   117    34    13   116    32    20   109   138   122   104    55    71   105 
  127   104    45   110   147    10   107    47     0   150   117    19    57    23    89     8   110     5   120    78    95    28   118    10    60    68   102   106   112    89    90    12    70   102    76   138   102    65    65    86    31   101   132    79   127    49    87    40    44   131    43   116     2    70    37    91     3     6    96   113 
    7   128   150   105   143    55   117    87   102     0    27    64   143    65   103    12   102    74    90   113    94    85   133    55    76    48    90   144   109    87   136   142    86     1   145   110   110    82   118    54    53   113    81    23   104    90    27    77   130    31   106    46    45    86    27    79    48   145    38    97 
    6   143    86     9    81   129    70    63    48   110     0    98    39   132   113    84    28    65    24   101    75    20    61    97    32   137    19     7    52    81    62   121   136   143    54    60    82    11    41   122   137    69   114    91    81   115    82    93    62    69    22   142    65    93   128   101     8    62    45    43 
  143     1    53   150     1   101    55    31    91   146    37     0    65    21    58    25   106    30   126    83    25   147    77    82    12    46   121   112   124   107   102   133   104    74   134    16    55   145   136    55   106    18   142   128   149    99    23     3    89     3     1     0   147    28     8    96    33   100    56   106 
   19    47    36     7     1    27    10   100    90    33    50    33     0    67    30     5   129    97   138    81    87    62    46   120    82   105   139    78   108   136    99   115   147   107     2   135    54   142    18     9   114    70   148    78   113    52   141    44    44   147    55     6    90   128     2    32    14   139    35   131 
   57    84    40   112   125   105    28    13    71    16    65    30   100     0   100   121    94    11    33   146     2    31   148     3   109    99    67   100   122     8   120    21     0    27    56    88    16    70     3    27    29    76    30    80   108    47    52    87    18    26   141    56   106   119   104    79    39   115   129     1 
   93   106   106   115    14    94    99    31   101   129   118   120    96   141     0    46    42    89    78    16     2    60    28    38   120   110    43   117    74    43    91   145    15   150     5    14    76     1   134    32   108   126   102    49    63    17    27    57    74   136    98     3    72   109    75   104    30     0   148    60 
  142    18   106    77   134     8   102    64   101   132    55    46    34    56    70     0    78   142    21    60    81    83    29   117   129    99     1   144    92    84   112    41    16    45    75    58    42    15    61    66    91    63    49    81     5   108   103   145    16   145    85    46    63    75    93     5    69    38    22   115 
   62    63    60    52    75   148    11    96    27   115     9     3    33   113     3    79     0   132    36    36   141    81    43    88    33    15    40    32   137   106    90    52    46    29   142   125   126    94    45   137    28   136    25    41   134    16    52    20     8    48    57   117    73    14   113   107    16   109    39     1 
   17    98    76    17    85   142    35    75   130   140    48   105     3    60    12     3    37     0    84    38    16   124   128    44    50   108    74   104   124     2    59    69   115    52    20     9   113   117    64    16   118    65    56    99    71    79     9   105    39    31    63   116    81    20    51   129     1   109    97    93 
  128     4    63    53   127    19    67    37    85    85    54    70   122    65    93    70    19    72     0     2    64    31   133    77     6   139    40    26   138    61   106    20    44   131   120    62   103    64    74   128    29   143    92    28   139    34   120    35    93   106    20    62    79   138    63    50    34    88    88    65 
   48    31   135   133    40     9   124   148     8    49   118    49    66   115   106   146    71    23    83     0     6    20   149   124    73    12     9    20   107   134    89   124   135   135    66   114   128     4    17   140   100     3   148    50     5    94   135    72    63   147     7    23   149   146   125   122    48    12    50   150 
  110     8     7     1   120   114   103    63    26    35   124     4    80    77    10   126    26   103    27   141     0    67   142    29    68    17    91    55    22   113    28    27    84    83   110   141   141     8    83    14    55    11    77   114   116     8   104    22    68   110    42   101    14     6   148    67   112    53   110    49 
    0   124    14     8    72    50    73    35    97    56   147    86    55     3   144   125   122     2   131   143   122     0    94   119    25   113    93     1    53    15   109   111   116    62    60    88    79   129   117    96    56    47   145     8    37   145   110    55    80    75    79    83    43    96    22    16    16    60    35    51 
   62   141    51    89    24    33    19   124    34   129    27    23     5    43   101    89    63   127   119    55   124   124     0    83   107    29    19    21    11   146    22    33    57    87    81    89    10     8    21    60     9   141    53   128    37    97    80    60    79    17    80    22    42     7    34   147    98   134    62    83 
  109    34   132   150   116   114   143    93    73    65    71    89    41   139    73   139   124    70    76    79   147    92    29     0   125    40    45   126    91   130    35    25     1     9    75   135    52    78    78    47    30   147   124    94    34    63   110    25   129   139    15    23    95   129   149   115    67   110    10    75 
  133   105    98    99   132    58     6   127   149    75    34    39    95    97    12    34    48    25    60   116    58    36   128    95     0    21   105   116     4   142     9    35   144   133    34   144    45    97   145    73    53    92    14   123   122    54   122   138    86    56    80    92   130     5   129    47   134   137   114    74 
   23   113    13    85   144    36    25   127   149   108   110    89    38    30    79   116    14    13    35   107    48   115    39   144    87     0    15    39    37    73    33   137    90    78    25    90    91    59   123   103   122   146    56    82   114    80    43   111   133    20   102    64   140    52    30   125   128   143   120   148 
  121   135    35    68    13    56    28   126   111   150    68   142    31   131   111    23   130    86    80     2   149   113   133   120    92    20     0   123    38    14    45   110    54   130    85    55    79    81    58    62    24    62   115   120    82    98    72    47    23   108    54    54    56    69     8    78    44   128   136    54 
   29     9    42    67    14    53   135    35    18    17    98    20    19    60    67    70    45    12    30   104   135    88   139    42    33    57    59     0     4    30     2     0     6   117    60    69    57   110    11    68    25    58    33    26    44    54    90    46    72    87    62    83   128    75    64   112    45    73    18    45 
   82    48   116    22    40    64    69    65   138   113    87    51    75    72    85   138   102    75   128   113    89    47   132    30   100    71    15    59     0    27   113     9   114    12   101    19    72   112     1   128    44   102   147     7    49   134    84    33   108   115    22    77    26   144     6   108   112    95    80    83 
    0    11    28    58    84    28    38    10    76     2    21    78    65   106    43   137    42     7    71    90     9   125    78   143    61   145    81   112   106     0   104   147    51     1    50    72    84    75    30    85   100    39    64    38    18    47    23   114   143     6    47   100   138    47    92    97    47    36    21    41 
   50   134     2    30    35   105    47   129    17    83    16    65   137     2    66    91    12   101   108    99    72   107    68   141    80    42     2    76    73     6     0   114    44    32    87   141   112    59    27    60    75    87    88    41   127    29   111    94    96    68    94    49    70    10    93    57    28    78    77   133 
   11    97    56    89    14    25    34   130    72    13   107     4    83   107    65    20    13   125    90   115    87    70    15    83    83   146    57    62    15    32   101     0    20    43   117    14   143    31    23    89    22    55     1     1    48   135    62   142     9    77   108    32    86    25    86    95     9    44   125    51 
   31    59    30    91    28    10    69    42    25    66   138    60   121   129   118    12    15   145   117   120    62    43    35    74   113    53    39    53    29    74    96   119     0   111   114    20   129    81    95   133    79   144    25   134    91    31   123    12    52   118   102    72    65    24   118    93   113   139    55   150 
   45    71   112   148   137   124    52   113    23    18     0    37   115    41     3   103     6    41    30     5   101    62     1   110     7   110   134    72    29   122    45     2   105     0   116    95    47   102    81   149     9    12    70    95   136    90    39     4    15   148   141    31    33    94    88    25    51   118    98   132 
   25    53   115    44   124   141    53    14    32    60   117   125    59     1    20    53    96    28    71   133    85   115    66   142    44     3    59   103    99    11    57   146    51   126     0     4    47     0   141   107    31    22    89    57    17   141    64    27    50    97   134    65    29    32    32    77   109    26   134    88 
    6   126    17    83   108    98    20   105    73   125    48    59    42    43    90   129   122    20    73    18    10    58    69    57    28   150    95   117    25   112    52    73     4     3    24     0    63   135    15    62    58    16    71    68   126   101    92   117     3    30   116    92    38    32   140    47   108   111    16    77 
   29   125   126    55    58    13   116    33   119    46   150    22   136   149   109   131    63   141   104    98   109    13    62    51    91   136    66     1   105   141     2    24    16    23    85    33     0    21    29    21    75   109    97    84   126    86    67   106    30    98    25   106   149    85   135    67   100    57   100   114 
   21    79   119    91   118   137   115   137    47   101    42   100    50    86   104     9    74   114   127   126     7   115    14     6    57   108    66    21    73   150    92    34   141   111    29    72    22     0    55    10   125    57    42    61    16   138     3   133    61    90     9    90    35    50    62    13    78   118    46    60 
   45    31   113    70   107    68    56    63   127   102   129   128    87    85   148   119    17    51    35    19    37    27    35     3   109   111    57     3    63    87    52    99   109    99    76   130   102   101     0    95    84    59    76   147    45    37   101    10   118   141    37    29    24   120    99    59    70    32   104    51 
   13    73    13    25     2    62    81    11    69    98    46    66    34    83    48    14    90     0    60    71    88    40    83    21     8   129   132   101   138    41    77   148     5    99     1    34    76    17    25     0   115   124    60    28   118    80    21    39    86   144    50   131   125   146     1   108   146    11    75    92 
   96     7   112     4    43   145    42    99   118    66    46   128   118    90    22    57    57   139    63   144    26   128    35   133    48    27   115   127    42   104     2    71    96    59    82     8    16    77    76    16     0   113    56    16    19   139    46    78    24   145    38    76    36    81   112    33    65   113   135    29 
  144   124   146    30     3    58    79   108   110    17    35   109    59    33    89    70    30     6    87    18    48   141     0    56   127    37   130    15    95   145    85   131   136   126    38    57   106    19    28    48    60     0    18    98    16   140    56    55    95    53    37   150   139    81    58     7    32     9   101    56 
   81   129    56   103    51    42    92    51    96   127    62   120     8   128   128    35   146    62   101   107    42    74    87   108   105   101    39    56    33   145    17   100   113    51   135    18    15    84    16    47   149    20     0   115    27    24    87    86   112    50    48    35   148    35    57     2    46    35   109    75 
   85    67    82     3    25    30     9    74    13    90   119    59    70   126    34   108   146    15   100   140    97   117   113   145    85    54    28     8    44   122     6   108     6    19    98   147    38    84    85   111   119   113     8     0    79    79    61    81    84   138    36   104   103   112    65   118    55    40    19    58 
   82   140    26    68   133   113    10   107     3    24     4    51    23   123    86   101   108    79     4    32    17     1   126    79   149    26    32    84    87   141   105    94    74    33    92   132    12    77   126    21    34    56    45    56     0   140    39    27    52    96    10    49    75     1    42    66    51   141   101    14 
   73   144    99    76    91    42    49    73    86    97    41    72    52   117    30   112    32    51    57    68   126   107   115     2    52    17    18    60     5   118    69    49     5     5    79   112   148    46    62    98   134    64   110   107   113     0   113    38    36    93    11    26    99    48   136   118    87    24   143    35 
   81    24    27    23   118     8    74     7    31    92    40    79    18    73    55   150   102   122   117   123    20    77    77   121    12     2    29   113    47   115    59    64   123    43    29     1   117   108    81   133     9   104   117    38    80    66     0    29    29    31    39    48    35    64    49   141    57   143   132   120 
   20    74    62    70    65   129   147    87    74    86     6    83    36    63    32    13   141    96    63   143   148    50    36   120    98   107   144    83    89   138    29   127    81    79    55    58    18    48    64    85    96    31    22    85   128   130    50     0    83    16    54    61   112   139   134    70    22   137   107    81 
  108   129    77   104   123    24    63    14    38    13    15   150    53    35    38   121    19    65   138   117   101    36   100   139   116   110    87     1   147     1   140    16    53    24     9    51    64   136   131    83    92    70    42   150   146   140    29    81     0   147    42   107    18    56     1    22   136     2    98   104 
  124    70   122   143    95   120    85   104    57    47    12   149   116   118    46    37   147    64     2   108    29   102    31     6    53    70    85   116    52    11   150     4    53   126    68   141    53    54    60    56     3    38    48    39    44   123    12     1    63     0    23    79    52   124    66     4    77    36   134    57 
  114    76   135    52   108    10    97    49   147     3   140    64   105    80   139    51    97     2   121    75     6    44    60    52   117   129    19    59   117    81   113   149    60    92    28    32   107    12   139    40    75   148    67   109     2    78   132    97    42    40     0    41    78   119    10    26    16    47    17    65 
  121    66    36    85    35    61    38    22    21    34    89    44     0    81    62     2   144    72    79    56    83    18     3    47   118    85   144    73    57   116    89    90    83    39    48     9   134   130   126   107    18    80   132    10   150     0    58   101   128    59    83     0    58   127    17   119    53    37    85    95 
  120   102    43    14    46    87   119    36    18    24    22   111    67   133    31   116    32    65   108   134    98    72    74     7   122   104    79    40   104    37    78     0     1    64    92   100   131    46   110    75   150    62    36    67    51   148   146   101   127    94    14    51     0    84   150   136   140    39    95    93 
   54   134    14   115    43    36    44   143    12   137    78    61    71   102   136   115    67   105   150    29    36    21   148    39   123   138   131    93    81     5    33    78    69   149    63    52    82   107    71    32    27   110    84    41    61    12   120   120     6    31    22    12    55     0    79    78   102    25   130    23 
   78   108    60   142    65    30   133   102    47    58   100    69    65    77   101    76    33    96    49   102   145    22   136   106   100    30   139   101    68   142   105   146     7    24     4   138   116    74   132    57    17    65    92    48    32    85    77   128    59    88     6    17    56    38     0    48    23    56    78     3 
  131     7    41    25     7   146    90    18   142   150    26     2    50    61    29   119   144     5   103    60    83    16   135   150   139   145    44   129    76    19    36    48   111   136    88    95   112    11   126   129   101    11   132    75    87    87    73    62    66    76   111     3    72   133   136     0   121    34    93    35 
   37   104    35    36    28   141   129    24    28    87    81    10    16    40    28    77    89    68    56   103    96   141    58    18    40   114    84    82   107    15    18   143    41   149    55    79   144    37     1     8    86    28   148   150    72   125    71   126    59    86    40     3   103     1   132   121     0     6    73   144 
  129   108   122   132   135    13    45     4     3     2   108   138    54   133    40    88     1    23   100    75     5    24    88    47    36    71     9     4   129    64    89    61    75    64   105    47    97    24   131    42    56     7    88     1    29   116   128    83   108    74   112    70    89    51   106    10    77     0   125   120 
  143    14   108   138   124     8    30    29    66    49    66    27    90    56    73    97   112    59    21    24    86    99     1    71   105   147    38    23   150   108    83    83    58    76    44   120   107    99    65   145   141     1   128   141   102    62    46   142    14    89   130   142    56    40   124    71    71    56     0    91 
    3    10    59   122    75   124    52    93    27    21   116    31     4    20    35    25    40    53    54    88    66   147    76    12    89    55    61    53    22    37    75    60    45    43    23   105    27    24    58    10    61    43    45     5    99    63     9   102   149   149   133   103    57    63    18    64     9    67    54     0 
